04-14;BKN-TOR;87-93;
20-24;12-27;27-19;28-23;
BKN
Keith Bogans;F;24:32;2;7;2;7;0;0;1;0;1;2;0;0;1;2;6;
Reggie Evans;F;30:19;0;0;0;0;0;0;3;13;16;1;3;0;1;1;0;
Brook Lopez;C;27:25;7;19;0;0;2;6;3;2;5;2;0;1;1;4;16;
Joe Johnson;G;35:14;4;16;2;9;2;2;0;1;1;5;1;0;0;3;12;
Deron Williams;G;38:41;11;20;4;10;4;5;0;0;0;7;2;1;3;3;30;
Andray Blatche;;25:53;6;9;0;0;3;6;2;6;8;0;0;2;1;0;15;
Jerry Stackhouse;;20:01;2;4;0;1;0;0;0;1;1;1;0;0;0;2;4;
CJ Watson;;21:37;1;5;0;3;0;0;1;2;3;4;2;1;0;3;2;
Kris Humphries;;11:54;1;4;0;0;0;0;0;3;3;0;0;0;0;1;2;
MarShon Brooks;;4:24;0;0;0;0;0;0;0;0;0;1;0;0;0;1;0;
TOR
Rudy Gay;F;41:45;10;19;3;6;3;4;2;8;10;3;3;1;4;1;26;
Amir Johnson;F;38:39;5;12;0;0;0;0;2;7;9;3;0;0;3;5;10;
Aaron Gray;C;34:16;2;4;0;0;0;0;3;6;9;2;0;0;0;4;4;
DeMar DeRozan;G;42:28;12;22;3;4;9;9;0;5;5;0;0;0;0;3;36;
Kyle Lowry;G;36:37;2;10;0;3;3;8;0;9;9;6;0;0;3;4;7;
Quincy Acy;;22:43;2;4;0;0;0;0;2;2;4;2;0;0;2;1;4;
Alan Anderson;;12:09;2;7;0;2;0;0;1;0;1;1;1;0;0;0;4;
John Lucas III;;11:23;1;4;0;0;0;0;0;1;1;2;0;0;0;1;2;
