04-03;MIN-MIL;107-98;
34-23;21-29;32-29;20-17;
MIN
Andrei Kirilenko;F;33:45;5;9;1;1;1;4;1;3;4;4;0;0;1;0;12;
Derrick Williams;F;18:41;7;12;1;2;0;0;3;3;6;3;0;0;1;2;15;
Nikola Pekovic;C;36:40;11;14;0;0;5;7;3;5;8;3;1;0;1;1;27;
Luke Ridnour;G;34:31;5;8;0;0;3;3;1;1;2;2;0;0;0;1;13;
Ricky Rubio;G;34:26;7;12;5;6;0;0;0;4;4;12;8;0;8;3;19;
Dante Cunningham;;29:19;3;11;0;0;2;2;2;6;8;1;1;0;1;1;8;
Chase Budinger;;12:30;1;7;0;1;0;0;1;3;4;1;0;0;1;2;2;
Jose Juan Barea;;14:47;2;4;0;1;0;0;0;1;1;3;0;0;3;1;4;
Alexey Shved;;14:01;2;4;1;2;0;0;1;0;1;2;0;0;1;2;5;
Greg Stiemsma;;11:20;1;3;0;0;0;0;1;3;4;2;2;3;1;2;2;
MIL
Marquis Daniels;F;15:48;1;4;0;0;0;0;1;1;2;0;0;1;0;1;2;
Ersan Ilyasova;F;37:11;12;21;3;5;2;2;8;4;12;0;2;2;3;3;29;
Larry Sanders;C;34:06;5;12;0;0;1;2;5;5;10;4;1;2;2;2;11;
Monta Ellis;G;39:16;7;20;2;7;2;4;0;5;5;3;1;1;6;1;18;
Brandon Jennings;G;36:27;6;14;0;4;1;1;1;2;3;8;3;0;3;1;13;
Mike Dunleavy;;32:12;6;9;3;5;0;0;0;4;4;2;2;2;3;4;15;
JJ Redick;;22:55;4;13;0;2;0;0;1;3;4;1;0;0;0;1;8;
Ekpe Udoh;;9:23;0;0;0;0;0;0;0;0;0;0;0;1;0;0;0;
Luc Mbah a Moute;;6:01;0;2;0;0;0;0;2;1;3;1;0;0;1;1;0;
Samuel Dalembert;;6:42;1;1;0;0;0;0;2;0;2;0;1;0;1;1;2;
