04-13;PHX-MIN;93-105;
28-22;25-28;20-27;20-28;
PHX
PJ Tucker;F;35:32;4;5;1;1;0;0;0;1;1;3;0;0;0;3;9;
Markieff Morris;F;38:04;8;11;3;4;1;2;1;8;9;3;2;1;4;2;20;
Luis Scola;C;35:20;6;13;0;1;2;2;3;6;9;1;2;1;8;2;14;
Wesley Johnson;G;30:03;7;13;1;4;0;0;0;2;2;1;0;0;1;4;15;
Goran Dragic;G;37:56;4;11;0;3;2;4;1;1;2;14;4;0;6;5;10;
Jared Dudley;;28:21;5;11;1;2;5;6;0;3;3;1;2;0;0;0;16;
Hamed Haddadi;;10:11;0;1;0;0;0;0;0;4;4;0;0;1;4;3;0;
Marcus Morris;;12:31;1;3;1;3;0;0;0;3;3;1;0;0;1;2;3;
Kendall Marshall;;12:02;2;5;2;2;0;0;0;1;1;4;0;0;3;1;6;
MIN
Andrei Kirilenko;F;37:32;6;9;0;2;2;3;0;7;7;1;2;1;4;0;14;
Derrick Williams;F;23:23;7;12;1;2;0;0;2;4;6;0;4;0;3;1;15;
Dante Cunningham;C;34:11;6;12;0;0;1;2;4;4;8;1;2;1;2;3;13;
Luke Ridnour;G;29:49;3;8;1;1;5;5;0;0;0;4;2;0;0;2;12;
Ricky Rubio;G;35:57;8;18;1;3;7;7;1;4;5;10;5;0;4;2;24;
Chase Budinger;;17:36;0;4;0;2;2;2;0;2;2;1;0;0;1;1;2;
Alexey Shved;;7:35;1;4;1;2;0;0;1;0;1;0;0;0;0;0;3;
Jose Juan Barea;;22:39;7;9;2;3;0;0;2;0;2;2;0;0;3;1;16;
Greg Stiemsma;;31:18;3;7;0;0;0;0;1;4;5;0;2;4;1;4;6;
