03-23;BOS-MEM;106-110;
31-29;20-32;22-24;33-25;
BOS
Paul Pierce;F;32:10;10;17;4;6;2;4;1;5;6;4;1;0;5;5;26;
Brandon Bass;F;29:54;3;6;0;0;0;0;1;5;6;3;1;1;2;3;6;
Jeff Green;C;45:03;4;10;1;4;3;4;0;5;5;4;1;2;2;2;12;
Jason Terry;G;27:32;2;8;1;5;5;6;0;2;2;1;0;0;0;0;10;
Avery Bradley;G;25:26;3;8;0;0;2;2;0;2;2;0;0;1;3;1;8;
Chris Wilcox;;14:13;4;4;0;0;0;0;0;3;3;1;1;0;0;4;8;
Jordan Crawford;;27:07;5;13;2;4;9;10;3;2;5;3;0;0;1;3;21;
Terrence Williams;;22:26;4;4;1;1;0;0;0;2;2;2;1;0;1;1;9;
Shavlik Randolph;;8:42;1;2;0;0;0;2;1;3;4;0;0;1;0;2;2;
DJ White;;7:27;2;2;0;0;0;0;1;1;2;1;0;4;0;0;4;
MEM
Tayshaun Prince;F;34:47;5;11;0;0;2;2;2;0;2;4;1;1;1;2;12;
Darrell Arthur;F;28:60;8;14;0;0;2;3;1;6;7;2;1;0;1;1;18;
Ed Davis;C;18:56;4;7;0;0;3;4;4;4;8;0;0;5;1;3;11;
Tony Allen;G;33:24;5;13;0;0;0;0;3;7;10;3;1;0;1;4;10;
Mike Conley;G;37:10;4;13;0;3;4;4;1;1;2;10;4;0;2;4;12;
Zach Randolph;;31:13;5;13;0;1;5;6;5;6;11;2;0;0;0;3;15;
Jerryd Bayless;;38:06;11;20;4;6;4;5;0;4;4;3;0;0;2;2;30;
Quincy Pondexter;;17:24;1;3;0;1;0;0;0;0;0;2;1;0;0;0;2;
