03-23;WAS-GSW;92-101;
17-29;23-29;24-24;28-19;
WAS
Martell Webster;F;27:01;4;11;0;6;2;2;1;2;3;1;1;0;1;2;10;
Nene;F;24:07;3;9;0;0;3;4;1;3;4;4;2;1;0;1;9;
Emeka Okafor;C;22:58;3;7;0;0;1;2;3;2;5;0;1;0;0;1;7;
Garrett Temple;G;42:37;4;10;1;2;0;0;0;3;3;6;2;0;5;3;9;
John Wall;G;23:37;6;12;0;0;2;2;2;1;3;3;1;0;1;0;14;
Cartier Martin;;29:46;8;13;6;9;1;2;0;3;3;3;1;0;3;5;23;
Trevor Booker;;25:02;5;8;0;0;2;2;2;3;5;1;1;0;0;4;12;
Chris Singleton;;20:59;1;10;0;0;2;2;3;3;6;2;1;0;2;4;4;
Kevin Seraphin;;23:53;2;8;0;0;0;0;0;6;6;0;0;0;0;2;4;
GSW
Harrison Barnes;F;35:55;5;8;1;2;5;6;1;7;8;0;0;0;2;1;16;
David Lee;F;34:47;4;9;0;0;3;4;2;13;15;4;1;0;3;4;11;
Andrew Bogut;C;28:25;5;8;0;0;0;0;2;2;4;4;1;2;4;4;10;
Klay Thompson;G;37:53;7;16;3;7;1;2;0;0;0;2;0;0;3;2;18;
Stephen Curry;G;31:39;13;18;6;10;3;4;0;2;2;8;2;0;3;2;35;
Festus Ezeli;;15:29;0;1;0;0;0;0;2;3;5;0;0;2;1;1;0;
Jarrett Jack;;26:01;3;8;0;0;5;6;0;1;1;6;1;0;3;0;11;
Carl Landry;;16:38;0;3;0;0;0;0;1;4;5;1;0;0;1;1;0;
Draymond Green;;6:16;0;1;0;0;0;0;0;2;2;0;0;0;0;1;0;
Richard Jefferson;;3:24;0;1;0;0;0;0;0;0;0;0;0;0;1;1;0;
Kent Bazemore;;3:33;0;2;0;1;0;0;0;0;0;0;0;0;0;0;0;
