04-06;ATL-SAS;97-99;
20-21;20-30;29-22;28-26;
ATL
Anthony Tolliver;F;25:11;0;3;0;1;0;0;0;1;1;0;0;0;0;4;0;
Ivan Johnson;F;28:51;6;13;0;1;2;2;2;3;5;0;3;1;2;4;14;
Johan Petro;C;30:42;5;12;0;0;1;1;4;11;15;1;1;1;1;3;11;
Dahntay Jones;G;43:00;2;10;0;1;5;6;0;3;3;2;3;0;2;4;9;
Jeff Teague;G;23:23;3;11;0;1;0;0;1;2;3;6;2;0;0;1;6;
Mike Scott;;36:28;8;15;0;1;6;8;1;5;6;2;0;0;3;4;22;
Shelvin Mack;;24:36;4;10;2;4;2;2;0;1;1;8;1;0;1;3;12;
John Jenkins;;27:49;7;9;3;3;6;6;1;3;4;4;0;0;3;0;23;
SAS
Kawhi Leonard;F;39:46;7;10;1;1;8;10;0;6;6;4;2;2;3;4;23;
Tim Duncan;F;32:41;12;21;0;0;7;8;0;14;14;3;0;4;3;2;31;
Tiago Splitter;C;16:11;2;5;0;0;1;2;1;4;5;1;1;0;2;1;5;
Danny Green;G;19:08;1;4;1;2;1;2;1;0;1;1;0;0;0;3;4;
Nando De Colo;G;21:44;2;8;0;1;2;2;2;5;7;3;0;0;3;4;6;
Gary Neal;;13:30;1;4;0;3;0;0;0;2;2;1;0;0;0;1;2;
Boris Diaw;;9:09;0;0;0;0;0;0;0;2;2;3;0;0;1;0;0;
Cory Joseph;;31:01;4;12;0;3;0;0;2;1;3;3;0;1;1;1;8;
DeJuan Blair;;22:30;4;8;0;0;3;3;2;5;7;2;1;1;1;3;11;
Stephen Jackson;;18:51;3;6;1;4;2;2;1;1;2;1;1;0;1;2;9;
Matt Bonner;;15:29;0;2;0;1;0;0;0;0;0;2;0;4;0;0;0;
