04-04;CHI-BKN;92-90;
13-26;23-21;29-20;27-23;
CHI
Luol Deng;F;42:23;8;15;0;1;2;2;3;4;7;3;1;0;3;2;18;
Carlos Boozer;F;45:02;12;22;0;0;5;8;5;13;18;3;0;0;3;4;29;
Nazr Mohammed;C;36:41;2;6;0;0;0;0;3;6;9;1;0;3;1;5;4;
Jimmy Butler;G;43:02;7;15;1;2;1;2;2;8;10;3;2;1;5;2;16;
Kirk Hinrich;G;33:21;4;11;2;4;0;0;0;0;0;6;1;0;0;6;10;
Nate Robinson;;22:24;4;8;1;2;3;4;0;0;0;5;1;0;1;5;12;
Vladimir Radmanovic;;11:19;1;4;0;2;0;1;0;1;1;0;0;0;0;3;2;
Marquis Teague;;0:11;0;0;0;0;0;0;0;0;0;0;0;0;0;0;0;
Daequan Cook;;5:38;0;1;0;0;1;2;0;1;1;0;0;0;0;1;1;
BKN
Gerald Wallace;F;29:18;2;5;0;1;0;0;0;2;2;2;1;0;0;1;4;
Reggie Evans;F;34:48;0;4;0;0;0;0;3;10;13;1;1;0;2;4;0;
Brook Lopez;C;36:34;10;19;0;0;8;10;1;4;5;1;1;2;2;1;28;
Joe Johnson;G;34:33;4;11;3;6;1;2;1;0;1;1;2;0;2;0;12;
Deron Williams;G;40:04;9;16;2;4;10;13;0;2;2;10;1;0;3;1;30;
Keith Bogans;;21:18;0;1;0;1;0;0;1;1;2;0;0;0;0;3;0;
Kris Humphries;;13:07;1;3;0;0;0;0;0;2;2;0;0;0;0;3;2;
CJ Watson;;8:52;0;3;0;1;1;1;0;1;1;1;1;1;1;4;1;
Andray Blatche;;11:26;3;6;0;0;2;3;0;0;0;0;1;0;4;0;8;
MarShon Brooks;;10:00;2;2;0;0;1;1;1;1;2;1;0;0;2;2;5;
