03-28;LAL-MIL;103-113;
25-18;31-35;21-29;26-31;
LAL
Kobe Bryant;F;36:28;6;17;0;3;18;20;0;2;2;3;0;0;6;2;30;
Pau Gasol;F;31:53;6;12;0;1;0;0;2;7;9;3;1;1;4;4;12;
Dwight Howard;C;38:19;6;8;0;0;3;10;5;10;15;2;0;3;2;5;15;
Jodie Meeks;G;38:52;4;12;1;6;2;2;0;2;2;1;2;0;1;0;11;
Steve Nash;G;23:21;5;7;1;2;5;5;2;1;3;6;2;1;4;2;16;
Antawn Jamison;;23:18;5;10;1;2;2;2;2;5;7;0;0;1;1;1;13;
Earl Clark;;16:51;0;3;0;0;0;0;0;2;2;1;0;0;0;3;0;
Steve Blake;;30:58;2;8;2;6;0;0;0;0;0;3;2;0;0;3;6;
MIL
Marquis Daniels;F;30:28;7;12;1;1;1;1;1;0;1;1;3;0;0;4;16;
Ersan Ilyasova;F;30:40;8;17;2;5;2;2;1;3;4;2;4;1;1;1;20;
Larry Sanders;C;29:36;8;11;0;0;5;10;6;7;13;1;1;2;0;5;21;
Monta Ellis;G;35:59;8;16;0;2;2;2;1;6;7;9;2;0;3;3;18;
Brandon Jennings;G;32:29;7;14;3;6;3;3;1;1;2;7;0;0;2;1;20;
Ekpe Udoh;;12:32;1;3;0;0;1;2;3;0;3;0;1;0;0;3;3;
JJ Redick;;22:16;3;7;1;4;0;0;0;2;2;0;0;1;1;1;7;
Samuel Dalembert;;9:25;1;4;0;0;0;0;1;3;4;0;0;0;0;0;2;
Ish Smith;;7:23;1;2;0;0;0;0;0;0;0;2;0;0;2;2;2;
Luc Mbah a Moute;;13:05;1;5;0;1;0;0;1;4;5;0;1;0;3;3;2;
Mike Dunleavy;;16:07;0;2;0;0;2;2;0;2;2;0;0;0;0;2;2;
