04-17;HOU-LAL;95-99;
24-21;26-23;21-22;19-24;5-9;
HOU
Chandler Parsons;F;44:41;10;18;2;7;1;2;0;4;4;3;1;0;3;3;23;
Greg Smith;F;41:48;4;6;0;0;0;0;2;8;10;1;0;4;1;5;8;
Omer Asik;C;43:18;4;7;0;0;0;1;3;9;12;0;1;1;1;5;8;
James Harden;G;45:06;8;25;4;13;10;12;2;6;8;3;1;0;6;3;30;
Jeremy Lin;G;34:36;4;14;2;7;2;4;0;2;2;8;0;0;2;4;12;
Terrence Jones;;13:01;2;2;0;0;0;0;1;2;3;2;1;0;0;1;4;
Carlos Delfino;;15:23;0;4;0;2;0;0;0;2;2;2;1;0;0;3;0;
Patrick Beverley;;18:25;2;5;0;2;2;2;1;4;5;2;1;0;0;3;6;
Francisco Garcia;;8:42;1;3;0;2;2;3;0;0;0;0;0;0;0;1;4;
LAL
Metta World Peace;F;23:53;4;11;2;5;2;3;2;1;3;3;1;0;0;2;12;
Pau Gasol;F;43:43;7;17;0;0;3;4;5;15;20;11;0;2;3;0;17;
Dwight Howard;C;46:02;6;15;0;1;4;10;3;15;18;2;3;4;4;4;16;
Jodie Meeks;G;36:33;2;10;1;7;4;5;0;2;2;1;2;0;0;3;9;
Steve Blake;G;47:59;6;20;4;12;8;8;2;5;7;7;0;0;1;2;24;
Antawn Jamison;;32:58;6;12;2;5;2;4;4;0;4;1;0;0;1;1;16;
Darius Morris;;15:33;2;2;1;1;0;0;0;1;1;2;0;0;2;4;5;
Earl Clark;;12:07;0;1;0;1;0;0;0;1;1;0;0;0;1;1;0;
Andrew Goudelock;;6:12;0;2;0;0;0;0;1;0;1;0;0;0;0;0;0;
