04-03;PHX-LAC;101-126;
19-29;31-28;20-38;31-31;
PHX
PJ Tucker;F;30:47;2;5;0;0;0;0;1;4;5;3;1;1;2;2;4;
Markieff Morris;F;25:52;1;9;1;3;2;2;2;6;8;1;0;0;2;2;5;
Luis Scola;C;31:44;3;7;0;0;4;4;1;10;11;1;0;0;3;1;10;
Wesley Johnson;G;41:13;7;15;4;8;2;2;0;2;2;3;0;1;1;0;20;
Goran Dragic;G;31:01;3;11;0;1;6;6;3;0;3;4;0;0;5;4;12;
Jermaine O'Neal;;21:44;7;10;0;0;4;4;4;4;8;0;0;1;0;3;18;
Kendall Marshall;;8:04;1;2;0;0;0;0;0;1;1;2;0;0;1;1;2;
Jared Dudley;;24:00;5;8;2;4;3;3;0;1;1;4;2;0;2;2;15;
Michael Beasley;;16:40;5;8;0;0;3;4;0;2;2;3;0;0;0;1;13;
Diante Garrett;;8:55;1;2;0;1;0;0;0;0;0;2;0;0;3;0;2;
LAC
Caron Butler;F;26:58;6;13;3;5;0;0;0;4;4;2;2;0;0;1;15;
Blake Griffin;F;26:58;4;7;0;0;1;3;1;4;5;7;1;0;2;1;9;
DeAndre Jordan;C;29:52;10;15;0;0;0;1;6;6;12;0;1;1;0;2;20;
Willie Green;G;18:32;7;10;1;2;0;0;0;1;1;1;1;1;0;1;15;
Chris Paul;G;26:16;4;10;1;3;6;6;1;0;1;12;4;0;0;2;15;
Jamal Crawford;;27:21;5;10;1;4;2;2;0;1;1;4;0;1;0;0;13;
Eric Bledsoe;;21:44;8;14;1;3;0;0;1;1;2;7;2;1;2;1;17;
Ryan Hollins;;9:11;2;2;0;0;3;4;0;0;0;0;0;0;1;4;7;
Lamar Odom;;21:02;1;3;0;0;0;0;2;4;6;3;1;1;1;5;2;
Matt Barnes;;19:59;3;4;1;2;0;0;1;1;2;2;2;0;0;3;7;
Ronny Turiaf;;8:57;0;1;0;0;1;2;1;1;2;1;0;0;0;3;1;
Maalik Wayns;;3:10;2;4;1;2;0;0;0;1;1;0;0;0;0;0;5;
