03-25;MEM-WAS;94-107;
24-26;31-29;19-21;20-31;
MEM
Tayshaun Prince;F;34:53;4;9;0;1;0;0;1;5;6;2;0;0;1;0;8;
Zach Randolph;F;28:11;4;8;0;0;2;2;0;7;7;0;1;0;4;3;10;
Darrell Arthur;C;19:12;2;6;0;0;2;2;2;2;4;0;0;0;1;6;6;
Tony Allen;G;16:27;1;6;0;0;1;2;0;0;0;0;3;0;2;2;3;
Mike Conley;G;40:16;7;14;1;4;8;8;1;3;4;7;3;0;6;2;23;
Jerryd Bayless;;27:32;5;17;0;4;4;4;1;5;6;7;0;0;1;2;14;
Ed Davis;;23:02;3;4;0;0;3;4;2;5;7;0;0;0;0;5;9;
Austin Daye;;15:34;2;3;1;2;0;0;0;2;2;1;0;1;0;3;5;
Quincy Pondexter;;27:22;5;9;4;5;0;0;1;4;5;0;1;0;1;2;14;
Jon Leuer;;6:53;1;1;0;0;0;0;1;1;2;0;0;0;0;0;2;
Dexter Pittman;;0:38;0;0;0;0;0;0;0;0;0;0;0;0;0;0;0;
WAS
Chris Singleton;F;42:33;3;8;0;1;4;6;3;4;7;3;0;2;3;4;10;
Trevor Booker;F;27:14;2;3;0;0;3;6;2;2;4;2;3;1;0;1;7;
Emeka Okafor;C;30:41;9;15;0;0;3;4;3;6;9;0;0;0;2;2;21;
Garrett Temple;G;34:45;3;8;1;3;0;0;0;1;1;3;2;0;2;3;7;
John Wall;G;44:33;13;22;2;4;19;24;0;7;7;8;1;1;2;2;47;
Cartier Martin;;25:58;3;9;2;5;1;4;0;6;6;0;1;0;2;0;9;
Jan Vesely;;18:07;1;2;0;0;0;0;2;2;4;1;0;0;1;2;2;
Kevin Seraphin;;16:09;2;5;0;0;0;0;0;4;4;0;1;0;0;3;4;
