03-22;NYK-TOR;99-94;
25-22;25-15;27-34;22-23;
NYK
Carmelo Anthony;F;43:04;14;31;2;8;7;11;2;4;6;1;1;2;7;4;37;
Iman Shumpert;F;17:15;2;2;1;1;0;0;1;2;3;3;0;0;0;0;5;
Kenyon Martin;C;36:06;9;10;0;0;1;2;5;6;11;0;2;1;1;3;19;
Raymond Felton;G;41:52;2;6;2;3;1;2;0;3;3;3;2;0;0;2;7;
Pablo Prigioni;G;9:48;1;1;0;0;0;0;0;0;0;2;2;0;0;3;2;
J.R. Smith;;38:12;5;10;1;3;3;7;1;4;5;3;1;0;1;3;14;
Jason Kidd;;30:46;2;5;2;4;1;2;0;5;5;3;0;1;2;3;7;
Chris Copeland;;4:56;1;2;1;2;0;0;0;0;0;0;0;0;1;2;3;
Marcus Camby;;11:44;0;2;0;0;0;0;0;5;5;0;0;1;1;4;0;
Steve Novak;;6:17;2;2;1;1;0;0;0;2;2;1;0;0;0;0;5;
TOR
Rudy Gay;F;14:26;2;7;0;1;0;0;1;2;3;1;1;0;1;2;4;
Landry Fields;F;38:51;4;6;1;1;0;0;3;1;4;2;2;0;1;2;9;
Jonas Valanciunas;C;30:44;5;6;0;0;0;1;1;6;7;1;0;0;3;1;10;
DeMar DeRozan;G;35:23;7;14;1;3;3;3;0;3;3;2;1;0;1;2;18;
Kyle Lowry;G;35:12;3;8;3;6;0;0;0;1;1;10;2;0;2;5;9;
Amir Johnson;;17:23;2;5;0;0;0;0;2;4;6;0;0;0;0;2;4;
Alan Anderson;;36:26;11;18;6;11;7;8;1;5;6;3;1;1;3;4;35;
John Lucas III;;12:49;0;5;0;5;0;0;0;2;2;0;0;0;0;1;0;
Terrence Ross;;18:47;2;10;0;5;1;2;1;0;1;0;0;0;1;4;5;
