04-10;MIL-ORL;103-113;
16-30;29-18;21-22;29-25;8-18;
MIL
Marquis Daniels;F;36:48;6;12;2;4;0;0;2;5;7;0;3;0;2;3;14;
Luc Mbah a Moute;F;7:05;0;2;0;0;0;0;0;0;0;0;0;0;0;1;0;
Larry Sanders;C;15:19;2;9;0;0;1;2;2;1;3;0;0;0;2;1;5;
Monta Ellis;G;47:11;7;27;1;8;6;10;2;5;7;11;2;1;2;1;21;
Brandon Jennings;G;6:13;1;2;1;2;0;0;0;0;0;0;0;0;0;0;3;
JJ Redick;;42:07;6;16;1;7;3;3;0;2;2;1;0;0;2;2;16;
John Henson;;41:17;7;17;0;0;3;5;6;19;25;3;0;7;1;2;17;
Mike Dunleavy;;36:37;5;11;3;7;4;6;0;6;6;6;0;1;0;1;17;
Gustavo Ayon;;21:54;4;4;0;0;0;0;3;3;6;2;1;1;3;5;8;
Ish Smith;;10:29;1;1;0;0;0;0;0;0;0;3;1;1;0;0;2;
ORL
Maurice Harkless;F;50:58;7;13;0;4;0;1;0;4;4;1;1;1;2;3;14;
Tobias Harris;F;45:01;13;20;3;4;1;3;7;12;19;5;0;0;2;4;30;
Nikola Vucevic;C;40:15;14;26;0;0;2;3;6;14;20;5;1;2;4;3;30;
E'Twaun Moore;G;23:00;2;6;0;0;0;0;1;1;2;2;1;0;1;0;4;
Beno Udrih;G;46:43;6;22;1;1;0;0;1;3;4;11;2;0;5;3;13;
Andrew Nicholson;;7:59;1;5;0;0;0;0;1;1;2;1;0;0;0;2;2;
Kyle O'Quinn;;14:01;2;6;0;0;0;1;2;5;7;0;0;0;1;1;4;
Doron Lamb;;35:01;6;10;4;6;0;0;0;4;4;2;1;0;1;3;16;
DeQuan Jones;;2:02;0;1;0;0;0;0;0;0;0;0;0;0;0;0;0;
