04-17;CLE-CHA;98-105;
16-34;31-19;22-23;29-29;
CLE
Alonzo Gee;F;28:18;5;9;2;4;1;2;0;2;2;1;1;0;0;1;13;
Tristan Thompson;F;37:08;3;9;0;0;2;6;2;8;10;1;0;0;2;4;8;
Tyler Zeller;C;29:41;3;6;0;0;0;0;0;2;2;3;2;0;1;1;6;
Wayne Ellington;G;18:24;5;6;1;2;2;2;0;0;0;1;1;0;0;0;13;
Kyrie Irving;G;35:31;9;20;2;9;4;4;0;4;4;10;0;0;4;5;24;
Dion Waiters;;22:16;6;13;1;4;3;4;0;0;0;3;1;0;3;4;16;
Marreese Speights;;14:01;3;6;0;0;0;0;2;3;5;0;0;1;1;2;6;
Shaun Livingston;;19:57;1;2;0;0;0;0;0;0;0;2;0;2;0;1;2;
Omri Casspi;;23:52;3;6;2;4;0;0;0;9;9;3;4;0;1;6;8;
Kevin Jones;;10:52;1;3;0;0;0;0;0;3;3;0;0;0;0;0;2;
CHA
Michael Kidd-Gilchrist;F;24:57;5;7;0;0;1;2;1;7;8;4;1;0;0;0;11;
Josh McRoberts;F;40:34;6;6;3;3;5;6;1;7;8;2;1;0;3;2;20;
Bismack Biyombo;C;36:19;3;5;0;0;2;2;0;4;4;0;0;3;0;2;8;
Gerald Henderson;G;35:20;6;13;0;0;3;4;1;2;3;6;1;0;5;2;15;
Kemba Walker;G;36:24;6;16;3;7;9;12;1;3;4;7;2;1;5;3;24;
Jeff Taylor;;23:43;3;6;0;1;0;0;1;4;5;3;1;0;0;3;6;
Jeff Adrien;;11:41;2;4;0;0;3;4;2;3;5;2;0;0;0;1;7;
Tyrus Thomas;;7:26;1;2;0;0;0;0;0;1;1;2;1;0;1;1;2;
Jannero Pargo;;11:36;2;5;1;3;0;0;0;1;1;1;1;0;1;0;5;
Ben Gordon;;12:00;3;9;1;6;0;0;0;1;1;1;0;0;0;0;7;
