03-23;DET-CHA;92-91;
23-24;24-26;22-26;23-15;
DET
Kyle Singler;F;27:45;2;6;0;4;2;2;2;5;7;2;1;1;2;5;6;
Jason Maxiell;F;21:33;7;13;0;0;0;0;0;4;4;0;0;1;0;2;14;
Greg Monroe;C;29:20;2;11;0;0;2;2;3;6;9;8;2;0;1;2;6;
Brandon Knight;G;37:03;4;10;1;6;1;2;2;4;6;4;0;0;5;1;10;
Jose Calderon;G;29:35;4;8;3;5;0;0;0;1;1;6;0;0;1;0;11;
Rodney Stuckey;;30:24;5;8;2;3;1;2;0;2;2;8;0;1;5;1;13;
Khris Middleton;;16:00;2;3;0;1;2;2;0;4;4;0;0;0;0;3;6;
Jonas Jerebko;;22:25;3;6;0;0;2;4;1;2;3;2;4;0;0;1;8;
Charlie Villanueva;;19:30;7;13;4;7;0;0;0;4;4;0;1;0;0;3;18;
Will Bynum;;6:25;0;1;0;0;0;0;0;0;0;1;0;0;1;0;0;
CHA
Michael Kidd-Gilchrist;F;19:53;4;7;0;0;3;3;0;3;3;2;0;3;0;0;11;
Josh McRoberts;F;25:05;2;4;0;0;0;0;2;7;9;1;2;0;1;0;4;
Bismack Biyombo;C;35:12;3;3;0;0;6;6;2;8;10;1;1;2;0;3;12;
Gerald Henderson;G;33:26;4;10;0;0;7;9;2;4;6;1;0;2;1;2;15;
Kemba Walker;G;37:29;10;20;0;2;5;5;0;2;2;3;4;0;4;3;25;
Byron Mullens;;21:42;0;5;0;2;0;0;0;5;5;1;0;1;3;2;0;
Ben Gordon;;15:14;1;7;1;4;0;0;0;1;1;1;1;0;3;1;3;
Jeff Taylor;;17:30;1;5;1;2;0;0;0;2;2;1;1;0;0;1;3;
Jannero Pargo;;29:06;7;14;2;7;0;0;0;1;1;3;1;1;1;1;16;
Jeff Adrien;;5:23;0;0;0;0;2;2;1;1;2;0;0;0;1;0;2;
