04-13;MIL-CHA;85-95;
23-24;21-25;15-27;26-19;
MIL
Luc Mbah a Moute;F;22:06;2;6;0;0;0;0;2;0;2;0;1;0;0;0;4;
Ersan Ilyasova;F;26:50;4;10;2;3;0;0;0;4;4;2;0;0;0;2;10;
John Henson;C;28:12;4;7;0;0;0;0;3;8;11;0;0;1;4;5;8;
JJ Redick;G;41:45;3;14;2;11;4;4;0;1;1;5;1;1;1;2;12;
Monta Ellis;G;30:08;7;18;1;5;1;2;0;3;3;4;1;0;1;0;16;
Ekpe Udoh;;17:10;0;1;0;0;1;2;0;0;0;0;0;1;0;2;1;
Mike Dunleavy;;33:09;7;13;3;6;2;2;0;2;2;3;0;0;0;3;19;
Ish Smith;;23:56;4;12;1;4;0;0;0;4;4;7;2;0;6;6;9;
Gustavo Ayon;;16:44;3;6;0;0;0;2;4;5;9;2;1;0;0;0;6;
CHA
Michael Kidd-Gilchrist;F;30:16;2;7;0;0;3;4;3;5;8;2;0;0;3;4;7;
Josh McRoberts;F;38:32;7;9;0;0;4;4;2;7;9;9;1;0;1;4;18;
Bismack Biyombo;C;36:59;6;9;0;0;1;5;6;11;17;0;0;2;3;4;13;
Gerald Henderson;G;34:29;5;18;0;0;2;3;0;3;3;4;0;0;1;2;12;
Kemba Walker;G;34:54;7;18;2;5;5;6;0;4;4;3;1;0;2;0;21;
Jeff Adrien;;20:29;2;4;0;1;2;2;0;7;7;2;4;3;0;1;6;
Jannero Pargo;;13:06;2;5;1;2;0;0;0;1;1;2;0;0;3;0;5;
Jeff Taylor;;13:31;4;5;1;1;0;0;0;3;3;0;0;0;0;2;9;
Ben Gordon;;17:44;2;5;0;0;0;0;0;0;0;1;0;0;1;1;4;
