03-30;OKC-MIL;109-99;
32-28;24-18;27-37;26-16;
OKC
Kevin Durant;F;37:50;10;19;1;2;9;10;1;7;8;5;0;1;2;0;30;
Serge Ibaka;F;30:57;7;8;0;1;2;3;3;4;7;0;0;8;1;1;16;
Kendrick Perkins;C;18:05;2;4;0;0;0;0;0;4;4;0;0;0;0;4;4;
Thabo Sefolosha;G;17:12;1;3;1;2;0;0;0;1;1;3;0;0;1;1;3;
Russell Westbrook;G;37:13;6;18;1;4;10;14;2;11;13;10;3;1;5;4;23;
Kevin Martin;;30:48;6;12;1;6;4;5;1;4;5;2;1;0;1;3;17;
Nick Collison;;24:08;5;6;0;0;0;0;3;3;6;2;1;1;1;2;10;
Ronnie Brewer;;6:43;0;0;0;0;0;0;0;2;2;1;0;0;0;0;0;
Derek Fisher;;22:27;1;2;0;1;0;0;0;2;2;0;1;1;1;4;2;
Reggie Jackson;;14:37;2;3;0;0;0;0;0;0;0;1;1;0;1;1;4;
MIL
Marquis Daniels;F;32:19;4;12;1;3;3;4;3;0;3;3;3;0;3;3;12;
Ersan Ilyasova;F;33:56;12;22;4;6;1;1;4;10;14;2;1;0;1;3;29;
Larry Sanders;C;29:51;5;9;0;0;2;2;4;6;10;1;0;0;0;3;12;
Monta Ellis;G;39:10;3;17;2;5;1;2;1;1;2;7;2;0;2;3;9;
Brandon Jennings;G;37:36;3;13;2;8;0;0;0;1;1;4;0;0;2;2;8;
Luc Mbah a Moute;;18:33;2;5;1;2;0;0;0;1;1;2;1;0;0;3;5;
Ekpe Udoh;;18:09;4;6;0;0;6;6;5;6;11;1;0;2;0;3;14;
JJ Redick;;23:51;4;12;2;5;0;0;2;0;2;4;0;0;1;0;10;
Mike Dunleavy;;6:35;0;2;0;0;0;0;0;1;1;0;0;0;0;0;0;
