04-09;WAS-NYK;99-120;
23-36;20-22;28-37;28-25;
WAS
Nene;F;24:01;3;6;0;0;3;4;1;2;3;5;1;0;2;0;9;
Martell Webster;F;27:07;4;8;0;2;2;2;3;4;7;1;2;0;2;1;10;
Emeka Okafor;C;22:04;1;5;0;0;2;4;4;4;8;1;0;0;1;1;4;
Garrett Temple;G;30:19;2;5;1;2;2;4;0;2;2;3;0;0;0;4;7;
John Wall;G;33:05;11;19;0;0;11;14;0;3;3;3;1;0;4;0;33;
Chris Singleton;;22:01;0;3;0;2;1;2;0;3;3;0;0;0;1;5;1;
A.J. Price;;25:55;4;11;3;7;0;0;0;3;3;3;0;0;0;2;11;
Kevin Seraphin;;19:07;3;6;0;0;0;0;1;2;3;0;2;2;3;1;6;
Trevor Booker;;6:35;1;2;0;0;0;0;1;1;2;0;0;0;0;0;2;
Cartier Martin;;20:03;6;12;4;7;0;0;1;2;3;0;0;0;0;0;16;
Jan Vesely;;9:44;0;0;0;0;0;0;0;1;1;2;0;0;0;0;0;
NYK
Carmelo Anthony;F;30:49;13;21;3;4;7;9;1;7;8;6;0;0;0;2;36;
Iman Shumpert;F;24:25;7;10;4;6;0;0;0;4;4;2;1;1;0;4;18;
Kenyon Martin;C;18:20;1;2;0;0;0;0;0;3;3;0;1;2;3;4;2;
Raymond Felton;G;30:49;4;9;2;6;0;0;0;3;3;8;2;0;1;1;10;
Pablo Prigioni;G;22:33;2;2;1;1;0;0;0;2;2;5;1;0;1;3;5;
J.R. Smith;;32:23;7;14;1;3;2;3;0;2;2;3;0;0;4;1;17;
Chris Copeland;;29:33;6;11;4;6;1;2;2;7;9;1;0;0;3;5;17;
Jason Kidd;;22:03;1;1;1;1;0;0;1;5;6;1;2;0;0;2;3;
Steve Novak;;22:29;4;8;4;8;0;0;0;1;1;0;0;0;0;2;12;
James White;;6:36;0;2;0;1;0;0;1;0;1;0;0;0;0;0;0;
