04-12;CHA-DET;93-113;
30-23;23-36;20-28;20-26;
CHA
Michael Kidd-Gilchrist;F;31:19;3;7;0;0;1;2;5;2;7;2;1;2;1;4;7;
Josh McRoberts;F;35:34;7;11;0;2;3;4;2;5;7;2;1;0;3;1;17;
Bismack Biyombo;C;36:39;4;6;0;0;0;1;1;7;8;0;0;2;2;0;8;
Gerald Henderson;G;35:18;6;18;1;4;2;2;0;1;1;5;3;0;3;3;15;
Kemba Walker;G;36:32;9;21;4;8;6;6;0;5;5;6;0;0;5;2;28;
Jeff Adrien;;11:35;1;2;0;0;0;0;0;2;2;1;2;0;1;1;2;
Ben Gordon;;16:29;1;3;1;3;0;0;0;1;1;1;0;0;5;2;3;
Jannero Pargo;;19:39;4;8;3;6;0;0;1;0;1;0;1;0;1;2;11;
Jeff Taylor;;12:11;0;1;0;1;2;2;0;1;1;1;0;0;0;0;2;
Tyrus Thomas;;4:44;0;1;0;0;0;0;0;0;0;0;2;1;1;2;0;
DET
Kyle Singler;F;22:18;4;6;2;2;0;0;2;4;6;0;0;0;2;1;10;
Greg Monroe;F;32:02;4;9;0;0;4;4;3;3;6;4;4;0;2;2;12;
Andre Drummond;C;27:33;7;13;0;0;1;4;5;4;9;0;2;1;5;4;15;
Rodney Stuckey;G;25:57;1;7;1;1;1;1;0;2;2;9;0;0;2;3;4;
Brandon Knight;G;33:31;6;9;3;3;4;6;2;5;7;2;1;0;5;2;19;
Jonas Jerebko;;27:51;9;18;2;4;1;1;3;5;8;1;1;1;1;2;21;
Will Bynum;;26:48;5;10;1;2;4;4;0;3;3;10;1;0;4;4;15;
Khris Middleton;;25:42;4;8;1;4;0;0;0;3;3;4;0;1;1;2;9;
Charlie Villanueva;;7:16;2;2;2;2;0;0;0;1;1;0;1;0;0;0;6;
Kim English;;9:44;1;1;0;0;0;0;0;0;0;1;0;0;0;0;2;
Viacheslav Kravtsov;;1:18;0;0;0;0;0;0;0;0;0;0;0;0;0;0;0;
