03-27;ATL-TOR;107-88;
20-25;24-29;31-21;32-13;
ATL
Anthony Tolliver;F;26:02;2;4;1;3;2;2;0;1;1;1;0;0;0;3;7;
Josh Smith;F;30:43;7;16;2;2;3;5;3;0;3;1;3;0;2;3;19;
Al Horford;C;35:47;10;18;0;0;6;6;1;11;12;1;1;0;1;2;26;
Kyle Korver;G;22:59;3;9;2;6;0;0;0;3;3;1;2;0;2;2;8;
Jeff Teague;G;34:44;9;15;3;4;3;3;0;4;4;13;1;0;1;2;24;
Ivan Johnson;;33:31;4;5;0;1;1;2;4;2;6;4;1;0;0;4;9;
DeShawn Stevenson;;21:29;0;4;0;2;0;0;0;2;2;0;1;0;1;1;0;
Johan Petro;;7:20;0;1;0;0;2;2;0;3;3;1;1;0;0;1;2;
John Jenkins;;10:32;4;4;1;1;0;0;0;3;3;2;0;0;1;0;9;
Shelvin Mack;;13:16;1;3;1;2;0;0;0;1;1;3;1;0;3;2;3;
Dahntay Jones;;0:05;0;0;0;0;0;0;0;0;0;0;0;0;0;0;0;
Mike Scott;;3:32;0;2;0;0;0;0;0;2;2;0;0;0;0;1;0;
TOR
Rudy Gay;F;35:29;6;14;0;3;3;4;1;11;12;3;2;0;5;5;15;
Amir Johnson;F;20:28;3;6;0;0;1;1;1;4;5;0;0;0;1;3;7;
Jonas Valanciunas;C;31:34;8;11;0;0;3;4;3;5;8;0;0;1;2;2;19;
DeMar DeRozan;G;36:23;5;14;0;2;4;6;0;2;2;1;1;0;3;2;14;
Kyle Lowry;G;34:19;1;5;0;3;1;2;2;5;7;10;1;0;3;3;3;
Landry Fields;;7:17;1;2;0;0;0;0;1;0;1;0;0;0;0;0;2;
Alan Anderson;;30:53;5;13;2;6;0;1;0;1;1;2;2;0;3;0;12;
Terrence Ross;;23:30;5;9;1;2;2;2;2;3;5;0;1;0;1;0;13;
John Lucas III;;13:41;1;3;1;1;0;0;0;1;1;3;1;0;0;1;3;
Aaron Gray;;6:26;0;1;0;0;0;0;0;0;0;1;0;0;1;2;0;
