04-12;BOS-MIA;101-109;
27-17;23-41;25-29;26-22;
BOS
Jeff Green;F;36:25;10;17;1;6;4;4;0;8;8;2;0;0;0;1;25;
Brandon Bass;F;34:18;6;9;0;0;5;5;3;6;9;1;0;0;2;3;17;
Jordan Crawford;C;35:37;7;15;2;5;4;4;1;3;4;2;2;0;4;1;20;
Courtney Lee;G;32:28;8;16;2;6;0;0;1;2;3;2;1;0;0;4;18;
Avery Bradley;G;34:24;3;9;1;3;0;0;1;0;1;2;4;0;1;2;7;
Jason Terry;;27:45;3;9;0;3;0;0;1;0;1;3;2;0;4;2;6;
Shavlik Randolph;;9:47;0;1;0;0;0;0;1;0;1;1;0;0;1;3;0;
Terrence Williams;;17:07;3;8;0;0;0;0;0;2;2;2;0;0;1;1;6;
Chris Wilcox;;11:23;1;1;0;0;0;0;1;4;5;0;0;1;0;1;2;
DJ White;;0:46;0;0;0;0;0;0;0;0;0;0;0;0;0;0;0;
MIA
Mike Miller;F;24:00;0;6;0;6;0;0;0;1;1;4;1;0;0;0;0;
LeBron James;F;28:51;8;10;0;0;4;4;1;5;6;9;0;0;1;1;20;
Chris Bosh;C;24:46;6;10;0;0;5;6;1;6;7;1;0;0;0;3;17;
Dwyane Wade;G;34:28;4;12;0;0;3;6;0;7;7;6;2;1;5;2;11;
Mario Chalmers;G;31:51;3;5;3;5;0;0;0;4;4;3;0;0;0;2;9;
Ray Allen;;24:48;5;6;3;4;4;5;0;3;3;1;0;1;2;2;17;
Rashard Lewis;;24:03;7;11;3;5;2;3;1;0;1;1;0;0;1;1;19;
Chris Andersen;;19:10;2;3;0;0;0;2;2;3;5;0;3;2;2;3;4;
Norris Cole;;21:30;4;7;3;3;1;2;0;2;2;2;0;0;3;0;12;
Juwan Howard;;2:11;0;1;0;0;0;0;0;0;0;1;0;0;0;0;0;
James Jones;;2:11;0;0;0;0;0;0;0;1;1;0;0;0;0;0;0;
Joel Anthony;;2:11;0;0;0;0;0;0;0;0;0;0;0;1;0;0;0;
