04-05;HOU-POR;116-98;
35-31;28-25;29-21;24-21;
HOU
Francisco Garcia;F;25:31;4;9;3;7;0;0;0;2;2;0;3;0;1;2;11;
Greg Smith;F;23:42;5;6;0;0;9;12;0;5;5;1;0;1;0;6;19;
Omer Asik;C;28:51;3;7;0;1;3;4;5;6;11;1;0;1;0;4;9;
James Harden;G;35:05;11;21;4;9;7;8;0;7;7;6;1;1;4;0;33;
Jeremy Lin;G;34:03;8;13;2;4;4;5;1;3;4;8;2;0;4;2;22;
Terrence Jones;;13:52;0;2;0;0;0;0;0;1;1;0;0;0;2;1;0;
James Anderson;;19:59;1;2;1;1;0;0;0;4;4;0;0;0;0;1;3;
Patrick Beverley;;22:29;3;3;1;1;0;0;1;1;2;6;1;1;0;0;7;
Donatas Motiejunas;;25:37;3;10;1;4;3;4;3;4;7;2;0;0;0;2;10;
Thomas Robinson;;3:58;1;1;0;0;0;2;0;0;0;0;1;0;0;0;2;
Aaron Brooks;;3:58;0;1;0;1;0;0;0;1;1;0;0;0;0;0;0;
Tim Ohlbrecht;;2:55;0;1;0;0;0;0;0;0;0;0;0;0;1;0;0;
POR
Victor Claver;F;26:41;4;8;0;2;1;1;1;1;2;1;1;1;2;3;9;
LaMarcus Aldridge;F;40:17;12;19;0;0;8;10;3;10;13;3;1;0;0;5;32;
JJ Hickson;C;22:45;5;9;0;0;1;1;3;5;8;0;1;0;0;1;11;
Wesley Matthews;G;37:57;6;19;1;11;5;6;1;2;3;4;2;0;2;3;18;
Damian Lillard;G;40:23;4;12;1;2;2;3;2;1;3;7;2;0;3;1;11;
Will Barton;;20:46;4;9;0;2;1;1;1;5;6;4;0;1;1;2;9;
Meyers Leonard;;25:23;2;6;0;0;2;2;2;4;6;2;0;0;1;5;6;
Eric Maynor;;14:41;0;4;0;2;0;0;0;1;1;1;1;0;3;1;0;
Sasha Pavlovic;;2:17;0;1;0;1;0;0;0;0;0;0;0;0;0;0;0;
Joel Freeland;;4:52;0;2;0;0;0;0;1;1;2;1;0;0;0;0;0;
Nolan Smith;;3:58;1;2;0;0;0;0;0;0;0;0;0;0;1;0;2;
