04-09;MIL-MIA;83-94;
21-26;25-21;13-24;24-23;
MIL
Marquis Daniels;F;19:18;3;9;0;1;1;4;0;2;2;1;1;0;1;1;7;
Ersan Ilyasova;F;21:01;2;5;0;1;0;0;1;4;5;3;0;1;1;1;4;
Larry Sanders;C;30:27;4;10;0;0;0;0;2;7;9;2;2;1;2;3;8;
Monta Ellis;G;27:38;3;8;1;3;1;2;0;4;4;2;4;0;6;1;8;
Brandon Jennings;G;35:39;10;16;4;9;6;6;0;3;3;4;1;0;4;5;30;
Luc Mbah a Moute;;31:38;4;9;0;2;0;0;0;3;3;1;0;0;0;1;8;
JJ Redick;;25:30;2;9;2;6;0;0;0;2;2;4;2;0;1;0;6;
Mike Dunleavy;;26:56;3;6;2;3;0;0;0;3;3;2;2;0;1;1;8;
Gustavo Ayon;;9:49;0;0;0;0;0;2;1;4;5;0;1;0;1;2;0;
John Henson;;7:29;1;1;0;0;0;0;1;0;1;0;0;0;1;0;2;
Ish Smith;;4:35;1;2;0;0;0;0;0;0;0;0;0;0;1;0;2;
MIA
LeBron James;F;30:04;11;16;0;1;6;6;1;6;7;7;2;1;3;0;28;
Shane Battier;F;20:42;1;5;1;5;0;0;0;0;0;1;2;0;0;2;3;
Udonis Haslem;C;23:35;5;10;0;0;0;0;5;10;15;0;0;1;1;2;10;
Mike Miller;G;21:01;2;7;1;5;0;0;1;3;4;4;0;0;1;0;5;
Mario Chalmers;G;28:39;2;4;1;3;0;0;0;1;1;3;2;0;1;2;5;
Rashard Lewis;;27:18;3;11;0;6;0;0;0;4;4;0;3;0;2;1;6;
Ray Allen;;24:55;4;13;2;8;1;1;1;3;4;2;1;0;3;3;11;
James Jones;;17:56;2;6;2;5;0;0;0;2;2;3;1;1;0;0;6;
Chris Andersen;;22:06;4;7;1;1;0;0;6;3;9;0;0;0;1;1;9;
Norris Cole;;19:36;4;9;0;1;3;3;0;2;2;2;1;0;3;2;11;
Jarvis Varnado;;2:04;0;0;0;0;0;0;0;0;0;0;0;0;1;0;0;
Juwan Howard;;2:04;0;0;0;0;0;0;0;1;1;0;0;0;1;0;0;
