03-24;ATL-MIL;104-99;
24-24;26-25;24-25;30-25;
ATL
Kyle Korver;F;32:32;3;7;3;7;0;0;1;4;5;3;1;0;2;2;9;
Josh Smith;F;36:04;9;17;1;5;4;5;1;8;9;4;2;2;0;0;23;
Al Horford;C;41:16;10;16;0;0;4;4;0;7;7;6;2;0;0;2;24;
Devin Harris;G;29:02;5;12;4;7;2;2;1;2;3;4;1;1;2;1;16;
Jeff Teague;G;36:14;5;13;0;4;4;4;0;0;0;8;2;1;5;3;14;
John Jenkins;;8:58;0;2;0;1;0;0;0;1;1;0;0;0;0;0;0;
Johan Petro;;18:41;1;2;0;0;1;1;1;4;5;1;0;0;4;2;3;
Dahntay Jones;;17:50;3;4;1;1;1;5;1;1;2;0;0;0;0;1;8;
Anthony Tolliver;;15:11;2;2;1;1;0;0;2;3;5;0;1;0;0;1;5;
Shelvin Mack;;4:14;1;3;0;0;0;0;0;0;0;2;0;0;0;0;2;
MIL
Marquis Daniels;F;15:02;1;7;0;0;0;0;1;3;4;1;0;0;0;0;2;
Ersan Ilyasova;F;28:19;7;16;0;4;5;8;6;4;10;1;0;0;1;6;19;
Larry Sanders;C;32:12;7;10;0;0;1;2;3;9;12;0;1;3;1;3;15;
Monta Ellis;G;38:39;8;15;3;4;1;2;1;3;4;4;1;0;4;0;20;
Brandon Jennings;G;42:41;4;15;1;5;3;5;1;2;3;13;3;0;3;3;12;
Mike Dunleavy;;21:52;3;6;0;2;0;0;2;4;6;2;0;0;1;0;6;
Ekpe Udoh;;19:13;5;6;0;0;0;0;1;0;1;0;0;2;0;2;10;
Samuel Dalembert;;15:56;3;6;0;0;0;0;4;3;7;1;0;0;1;1;6;
JJ Redick;;26:07;4;11;1;6;0;1;0;3;3;4;1;0;4;2;9;
