04-05;MEM-LAL;84-86;
18-25;21-21;23-22;22-18;
MEM
Tayshaun Prince;F;19:28;3;8;0;1;0;0;1;1;2;1;0;0;0;0;6;
Zach Randolph;F;32:01;7;17;0;0;1;1;2;5;7;0;0;1;0;2;15;
Marc Gasol;C;38:39;5;8;0;0;1;2;0;8;8;7;3;2;3;3;11;
Tony Allen;G;18:17;2;3;0;0;0;0;0;2;2;2;2;1;2;2;4;
Mike Conley;G;33:40;9;19;1;2;2;2;0;2;2;6;2;0;1;2;21;
Darrell Arthur;;8:21;0;1;0;0;0;0;2;1;3;0;0;0;0;2;0;
Jerryd Bayless;;31:16;7;15;0;4;0;0;1;3;4;6;1;0;1;2;14;
Austin Daye;;21:26;2;5;1;3;0;0;0;4;4;1;1;0;0;0;5;
Quincy Pondexter;;19:53;1;7;1;4;0;0;0;0;0;1;2;0;0;1;3;
Ed Davis;;12:14;1;2;0;0;1;2;1;2;3;0;1;0;0;2;3;
Jon Leuer;;4:45;1;1;0;0;0;0;1;0;1;0;0;0;0;0;2;
LAL
Kobe Bryant;F;42:32;10;23;0;5;4;4;0;5;5;9;1;0;4;3;24;
Pau Gasol;F;35:35;8;14;0;0;3;4;1;8;9;3;0;0;0;2;19;
Dwight Howard;C;35:34;3;7;0;0;3;6;1;9;10;2;1;1;4;5;9;
Jodie Meeks;G;26:09;1;5;0;4;0;1;0;5;5;3;1;0;1;1;2;
Steve Blake;G;38:35;2;6;2;5;0;0;2;2;4;4;0;0;5;3;6;
Antawn Jamison;;24:51;5;11;2;3;1;1;2;3;5;0;1;0;2;2;13;
Earl Clark;;36:44;5;8;1;3;2;2;2;3;5;1;1;1;2;1;13;
