03-28;SAC-PHX;117-103;
38-32;26-18;24-28;29-25;
SAC
John Salmons;F;38:04;3;9;0;2;0;0;0;3;3;1;0;0;2;0;6;
Jason Thompson;F;18:52;3;7;0;0;2;2;1;2;3;1;0;0;3;2;8;
DeMarcus Cousins;C;30:00;12;16;1;2;9;9;5;9;14;2;1;1;5;4;34;
Tyreke Evans;G;33:24;5;9;0;3;2;2;0;3;3;6;1;0;0;4;12;
Isaiah Thomas;G;29:24;6;10;3;4;8;8;0;3;3;8;0;0;5;3;23;
Marcus Thornton;;11:25;1;4;1;1;0;0;2;3;5;2;0;0;2;0;3;
Travis Outlaw;;9:15;0;2;0;0;1;2;0;0;0;0;0;0;1;1;1;
Patrick Patterson;;29:08;5;10;0;2;0;0;3;7;10;0;0;2;0;5;10;
Toney Douglas;;10:28;3;6;1;3;0;0;1;1;2;0;3;0;0;0;7;
Cole Aldrich;;7:11;1;3;0;0;0;0;1;2;3;0;0;0;0;1;2;
Charles Hayes;;10:49;2;2;0;0;0;0;0;4;4;1;0;0;0;1;4;
Jimmer Fredette;;12:00;3;5;1;1;0;1;0;0;0;0;0;0;0;0;7;
PHX
PJ Tucker;F;33:59;8;13;0;1;2;4;2;2;4;3;3;0;3;4;18;
Markieff Morris;F;24:51;2;10;0;1;3;4;2;2;4;5;1;1;0;5;7;
Luis Scola;C;31:08;10;13;1;1;4;6;2;5;7;0;1;0;0;3;25;
Wesley Johnson;G;33:43;5;13;3;6;1;1;0;1;1;1;1;1;1;1;14;
Kendall Marshall;G;33:43;4;12;1;4;0;2;1;0;1;10;2;0;2;2;9;
Michael Beasley;;26:39;7;14;0;2;0;2;2;6;8;1;1;1;1;1;14;
Hamed Haddadi;;13:22;2;6;0;0;1;2;4;3;7;0;0;3;0;0;5;
Jared Dudley;;19:59;2;5;2;4;0;0;0;1;1;2;1;0;1;1;6;
Diante Garrett;;14:17;0;4;0;1;0;0;1;3;4;6;1;0;0;0;0;
Marcus Morris;;8:19;2;4;0;0;1;2;0;0;0;1;0;0;1;1;5;
