03-29;BKN-DEN;87-109;
23-26;15-29;28-25;21-29;
BKN
Gerald Wallace;F;35:10;2;6;1;3;0;0;2;2;4;4;2;0;2;1;5;
Reggie Evans;F;33:15;5;7;0;0;5;9;7;9;16;1;0;0;0;2;15;
Brook Lopez;C;22:43;4;15;0;0;3;9;5;2;7;0;0;0;3;1;11;
Keith Bogans;G;19:35;0;6;0;5;0;0;1;0;1;2;0;0;0;1;0;
Deron Williams;G;34:48;5;13;3;8;6;7;1;1;2;3;1;1;4;3;19;
MarShon Brooks;;28:37;4;13;0;2;0;0;4;3;7;5;1;0;2;5;8;
Andray Blatche;;21:38;8;11;0;0;0;2;3;2;5;0;2;3;4;2;16;
CJ Watson;;13:43;1;2;1;1;1;3;0;1;1;3;0;0;0;4;4;
Kris Humphries;;14:45;2;2;0;0;2;2;0;2;2;0;0;2;1;0;6;
Jerry Stackhouse;;3:07;0;1;0;0;0;0;0;0;0;0;0;0;1;1;0;
Tyshawn Taylor;;5:44;1;3;0;1;0;0;0;0;0;0;1;0;1;0;2;
Mirza Teletovic;;3:28;0;0;0;0;0;0;1;0;1;0;0;0;0;1;0;
Tornike Shengelia;;3:28;0;0;0;0;1;4;0;3;3;0;0;0;1;1;1;
DEN
Danilo Gallinari;F;32:11;5;12;0;2;1;2;0;5;5;6;0;0;1;2;11;
Kenneth Faried;F;18:43;2;2;0;0;0;2;1;1;2;1;2;0;3;5;4;
Kosta Koufos;C;24:11;6;8;0;0;1;4;2;7;9;0;0;1;1;5;13;
Andre Iguodala;G;32:03;4;5;1;1;0;2;2;1;3;8;2;1;3;2;9;
Andre Miller;G;27:23;4;9;0;0;4;4;0;1;1;3;1;0;1;1;12;
Wilson Chandler;;29:08;4;8;1;2;7;8;0;4;4;2;2;1;0;0;16;
Corey Brewer;;25:31;5;9;1;4;2;2;0;1;1;1;2;0;2;3;13;
JaVale McGee;;17:21;4;7;0;0;0;0;2;2;4;0;0;1;0;5;8;
Evan Fournier;;20:37;6;9;1;3;6;6;0;2;2;2;2;0;0;2;19;
Timofey Mozgov;;3:40;0;0;0;0;0;0;1;0;1;0;0;0;0;0;0;
Anthony Randolph;;3:40;0;0;0;0;0;0;0;1;1;0;0;1;1;1;0;
Jordan Hamilton;;2:47;1;3;0;2;0;1;0;0;0;0;0;0;0;0;2;
Quincy Miller;;2:46;1;2;0;0;0;0;0;0;0;0;1;0;0;2;2;
