03-27;MEM-NYK;101-108;
25-37;16-32;29-17;31-22;
MEM
Tayshaun Prince;F;38:28;2;5;0;1;1;1;0;5;5;1;1;0;1;0;5;
Zach Randolph;F;25:16;1;3;0;0;1;2;0;4;4;3;0;0;5;3;3;
Marc Gasol;C;35:54;4;7;0;0;5;7;0;5;5;3;1;1;2;3;13;
Tony Allen;G;26:13;7;10;0;0;4;5;4;6;10;0;2;0;0;5;18;
Mike Conley;G;39:08;6;16;2;8;12;14;1;3;4;6;1;0;2;1;26;
Jerryd Bayless;;31:32;8;17;4;7;4;4;1;0;1;0;1;1;4;6;24;
Quincy Pondexter;;26:01;4;7;0;2;2;2;4;1;5;1;0;0;1;4;10;
Darrell Arthur;;7:53;0;1;0;0;0;0;0;0;0;0;0;0;0;1;0;
Austin Daye;;9:36;1;4;0;3;0;0;0;0;0;0;0;0;1;1;2;
NYK
Carmelo Anthony;F;40:29;8;20;0;2;6;6;1;6;7;3;1;0;2;4;22;
Iman Shumpert;F;21:25;6;10;4;6;0;0;0;3;3;1;2;0;1;4;16;
Kenyon Martin;C;26:18;2;3;0;0;0;0;0;3;3;0;1;0;1;4;4;
Raymond Felton;G;32:26;5;6;2;3;1;2;1;2;3;4;1;0;2;3;13;
Pablo Prigioni;G;18:30;1;3;0;2;0;0;0;3;3;3;0;0;0;2;2;
J.R. Smith;;41:40;10;18;3;7;12;13;4;3;7;2;0;1;4;2;35;
Jason Kidd;;29:05;1;2;1;2;0;1;0;1;1;3;4;1;0;2;3;
Steve Novak;;15:49;3;8;3;8;0;0;0;3;3;1;0;0;0;0;9;
Marcus Camby;;7:53;0;0;0;0;0;0;0;0;0;0;0;0;1;4;0;
Chris Copeland;;6:09;2;4;0;1;0;0;1;0;1;1;0;0;0;0;4;
James White;;0:17;0;0;0;0;0;0;0;0;0;0;0;0;0;0;0;
