04-10;BKN-BOS;101-93;
22-21;31-22;26-26;22-24;
BKN
Gerald Wallace;F;14:51;1;3;0;2;0;0;1;1;2;2;0;0;2;0;2;
Reggie Evans;F;30:48;0;0;0;0;1;4;0;14;14;0;1;0;0;3;1;
Brook Lopez;C;30:30;8;14;0;0;5;5;2;2;4;0;0;2;2;3;21;
Joe Johnson;G;35:45;8;15;4;6;0;0;0;3;3;2;2;0;1;3;20;
Deron Williams;G;39:10;9;18;1;6;10;10;2;2;4;12;0;1;1;3;29;
Kris Humphries;;14:41;1;2;0;0;4;4;2;2;4;0;1;0;1;1;6;
CJ Watson;;20:51;3;4;3;3;0;0;0;1;1;0;1;0;1;3;9;
Andray Blatche;;17:15;2;7;0;0;2;2;2;0;2;0;2;0;1;3;6;
MarShon Brooks;;6:59;0;1;0;0;0;0;0;1;1;0;1;0;1;1;0;
Jerry Stackhouse;;21:46;2;7;0;1;3;3;0;4;4;3;0;0;1;0;7;
Kris Joseph;;2:46;0;1;0;0;0;0;0;0;0;0;0;0;0;0;0;
Mirza Teletovic;;2:46;0;1;0;1;0;0;0;0;0;0;0;0;1;0;0;
Tyshawn Taylor;;1:52;0;1;0;0;0;0;0;0;0;0;0;0;0;1;0;
BOS
Jeff Green;F;35:20;4;17;2;4;1;1;1;3;4;2;0;0;2;2;11;
Brandon Bass;F;26:19;5;11;0;0;0;0;1;2;3;1;0;1;0;1;10;
Kevin Garnett;C;27:35;5;11;0;0;1;1;2;6;8;4;1;0;3;1;11;
Paul Pierce;G;32:45;7;11;3;5;6;7;0;3;3;3;0;0;3;3;23;
Avery Bradley;G;12:11;1;3;0;0;0;0;0;0;0;1;1;0;0;5;2;
Courtney Lee;;26:30;3;5;1;2;0;0;0;1;1;3;1;0;0;1;7;
Shavlik Randolph;;15:44;1;2;0;0;0;0;3;6;9;1;0;0;2;1;2;
Jason Terry;;24:45;1;7;0;3;2;2;0;3;3;1;1;1;0;3;4;
Chris Wilcox;;6:18;3;4;0;0;0;0;2;0;2;0;0;0;0;1;6;
Jordan Crawford;;19:48;3;5;0;1;1;2;1;2;3;4;0;0;1;2;7;
Terrence Williams;;9:59;3;4;0;1;2;4;0;1;1;0;0;0;1;1;8;
DJ White;;2:48;1;1;0;0;0;0;0;0;0;0;0;0;0;0;2;
