04-12;OKC-POR;106-90;
30-26;25-28;26-7;25-29;
OKC
Kevin Durant;F;29:42;7;11;0;1;2;2;1;4;5;6;1;2;4;0;16;
Serge Ibaka;F;25:13;5;9;0;1;1;2;3;3;6;1;0;1;1;2;11;
Hasheem Thabeet;C;18:27;1;3;0;0;0;0;1;5;6;0;0;4;0;4;2;
Thabo Sefolosha;G;22:47;4;7;3;6;0;0;1;4;5;1;1;0;1;2;11;
Russell Westbrook;G;31:05;10;18;2;4;11;12;0;1;1;2;3;1;3;3;33;
Nick Collison;;24:27;2;3;0;0;1;3;0;5;5;2;0;0;0;1;5;
Ronnie Brewer;;25:04;0;2;0;0;0;0;1;6;7;1;2;0;0;0;0;
Reggie Jackson;;27:42;7;12;1;3;2;2;0;4;4;2;1;1;1;1;17;
Derek Fisher;;20:45;3;8;3;7;0;0;0;0;0;1;0;0;2;2;9;
Daniel Orton;;14:48;1;4;0;0;0;0;0;1;1;0;0;0;1;2;2;
POR
Victor Claver;F;26:14;1;6;1;3;0;0;0;2;2;1;0;0;2;3;3;
LaMarcus Aldridge;F;28:17;6;14;0;1;0;0;1;1;2;1;0;0;1;1;12;
JJ Hickson;C;13:26;3;5;0;0;1;4;4;3;7;0;1;0;0;0;7;
Will Barton;G;38:14;8;19;0;3;2;2;1;6;7;0;2;0;3;2;18;
Damian Lillard;G;37:13;3;14;1;5;3;4;1;2;3;8;1;0;1;4;10;
Eric Maynor;;26:11;3;6;1;2;4;5;0;1;1;3;0;0;3;1;11;
Meyers Leonard;;19:07;4;8;1;1;1;1;1;4;5;0;0;1;1;1;10;
Sasha Pavlovic;;22:34;3;6;1;3;0;0;0;2;2;5;0;0;0;1;7;
Joel Freeland;;15:27;2;5;0;0;1;2;2;4;6;0;0;0;0;2;5;
Luke Babbitt;;12:00;2;3;1;2;0;0;0;1;1;2;0;0;0;0;5;
Nolan Smith;;1:17;1;2;0;0;0;0;0;0;0;0;0;0;0;0;2;
