04-10;ATL-PHI;124-101;
29-27;30-24;34-22;31-28;
ATL
Kyle Korver;F;17:56;2;4;1;3;1;1;0;2;2;1;1;1;1;2;6;
Josh Smith;F;28:51;11;18;1;3;5;5;1;11;12;4;1;1;3;1;28;
Al Horford;C;26:11;8;13;0;0;0;0;4;5;9;3;2;0;2;2;16;
Devin Harris;G;18:18;2;6;1;4;3;4;0;1;1;8;0;0;1;2;8;
Jeff Teague;G;31:17;6;13;1;3;0;0;0;2;2;11;0;0;0;0;13;
DeShawn Stevenson;;17:09;0;4;0;3;0;0;0;1;1;0;1;0;1;2;0;
John Jenkins;;32:53;8;13;3;4;2;2;0;0;0;6;1;0;1;0;21;
Mike Scott;;18:13;6;10;0;0;5;5;3;5;8;0;0;0;0;1;17;
Ivan Johnson;;17:48;3;5;0;0;2;2;1;4;5;0;1;0;0;3;8;
Anthony Tolliver;;12:55;0;0;0;0;0;0;0;3;3;1;0;0;0;1;0;
Shelvin Mack;;13:35;2;4;1;2;0;0;0;1;1;0;1;0;1;2;5;
Dahntay Jones;;4:54;1;1;0;0;0;0;0;0;0;0;0;0;0;1;2;
PHI
Evan Turner;F;38:31;4;12;0;1;1;2;1;4;5;7;0;0;5;4;9;
Thaddeus Young;F;31:39;14;20;0;0;0;0;2;6;8;2;1;0;2;2;28;
Spencer Hawes;C;25:12;2;6;1;2;0;0;1;5;6;2;0;0;0;2;5;
Damien Wilkins;G;22:42;0;7;0;0;6;6;0;2;2;4;2;0;1;1;6;
Jrue Holiday;G;27:25;4;14;1;5;3;3;2;3;5;1;0;0;5;3;12;
Royal Ivey;;2:58;0;1;0;1;0;0;0;1;1;0;0;0;0;0;0;
Dorell Wright;;25:58;4;9;2;5;5;5;0;1;1;1;2;0;0;1;15;
Lavoy Allen;;12:03;0;3;0;0;0;0;2;1;3;1;0;0;0;1;0;
Arnett Moultrie;;22:12;3;5;0;0;1;1;3;4;7;0;0;0;1;1;7;
Nick Young;;26:26;6;9;3;5;4;5;1;2;3;2;0;0;1;2;19;
Justin Holiday;;4:54;0;2;0;2;0;0;0;0;0;1;0;0;0;0;0;
