03-30;LAL-SAC;103-98;
25-37;28-20;29-18;21-23;
LAL
Kobe Bryant;F;47:37;5;18;0;4;9;11;1;8;9;14;2;0;1;2;19;
Pau Gasol;F;32:44;6;11;0;0;0;0;1;1;2;10;1;0;0;2;12;
Dwight Howard;C;40:16;10;14;0;0;4;10;6;9;15;1;1;5;4;3;24;
Jodie Meeks;G;38:27;5;10;3;8;1;2;2;1;3;0;2;0;0;3;14;
Steve Nash;G;1:48;1;1;0;0;0;0;0;0;0;1;0;0;0;0;2;
Steve Blake;;32:13;5;9;5;8;0;0;0;2;2;1;0;0;1;2;15;
Antawn Jamison;;22:13;3;10;1;4;3;3;4;3;7;1;0;0;0;2;10;
Earl Clark;;19:55;3;7;1;4;0;0;1;3;4;0;2;2;0;1;7;
Chris Duhon;;4:25;0;1;0;1;0;0;0;0;0;0;0;0;1;1;0;
Darius Morris;;0:23;0;1;0;1;0;0;0;0;0;0;1;0;0;0;0;
SAC
John Salmons;F;44:21;5;12;3;7;0;0;2;1;3;3;1;1;1;2;13;
Jason Thompson;F;23:50;7;10;0;0;1;1;2;2;4;1;0;0;1;4;15;
DeMarcus Cousins;C;38:55;8;20;0;2;3;4;2;9;11;2;0;0;3;3;19;
Tyreke Evans;G;42:45;9;15;0;1;3;3;2;7;9;6;0;0;4;3;21;
Isaiah Thomas;G;25:22;3;5;2;4;2;3;0;0;0;5;0;0;1;1;10;
Marcus Thornton;;26:05;6;15;2;7;4;5;3;4;7;0;0;0;0;0;18;
Charles Hayes;;11:59;1;5;0;0;0;0;3;2;5;1;0;0;1;1;2;
Patrick Patterson;;20:28;0;4;0;3;0;0;2;2;4;1;0;1;0;3;0;
Toney Douglas;;6:15;0;0;0;0;0;0;0;1;1;0;0;0;0;1;0;
