04-05;OKC-IND;97-75;
26-23;18-20;28-24;25-8;
OKC
Kevin Durant;F;33:51;13;21;2;3;6;7;2;7;9;1;0;0;2;1;34;
Serge Ibaka;F;28:22;5;9;0;0;2;2;6;1;7;1;1;1;0;2;12;
Kendrick Perkins;C;26:43;2;5;0;0;0;0;0;6;6;1;0;0;1;3;4;
Thabo Sefolosha;G;22:47;1;3;1;3;0;0;1;5;6;2;1;0;0;2;3;
Russell Westbrook;G;33:42;10;24;0;3;4;6;2;5;7;9;1;0;2;4;24;
Kevin Martin;;25:33;3;7;1;3;2;2;0;2;2;2;0;0;2;1;9;
Nick Collison;;19:03;2;5;0;0;2;2;3;2;5;1;1;1;1;2;6;
Reggie Jackson;;17:44;1;4;0;0;0;0;0;5;5;0;0;1;3;1;2;
Hasheem Thabeet;;17:42;0;0;0;0;1;2;0;4;4;1;0;1;1;3;1;
Derek Fisher;;7:51;0;0;0;0;2;2;0;0;0;0;0;0;0;1;2;
Ronnie Brewer;;2:14;0;0;0;0;0;0;0;0;0;0;0;0;0;0;0;
DeAndre Liggins;;2:14;0;0;0;0;0;0;0;1;1;0;0;0;0;1;0;
Daniel Orton;;2:14;0;0;0;0;0;0;1;0;1;0;0;0;0;0;0;
IND
Paul George;F;37:48;3;11;0;6;2;5;2;5;7;2;1;0;1;3;8;
David West;F;35:07;7;14;0;0;3;4;2;3;5;2;3;1;1;0;17;
Roy Hibbert;C;30:43;8;14;0;0;6;6;2;6;8;1;0;1;2;3;22;
Lance Stephenson;G;29:49;2;7;0;2;0;0;0;0;0;3;1;0;0;1;4;
George Hill;G;36:30;4;12;1;7;1;1;2;2;4;3;0;0;1;2;10;
Tyler Hansbrough;;15:25;1;3;0;0;2;2;1;1;2;0;1;0;1;3;4;
Orlando Johnson;;18:11;1;5;1;4;1;2;0;3;3;1;0;0;1;2;4;
Gerald Green;;10:12;1;3;0;1;2;2;0;0;0;1;0;0;3;2;4;
Ian Mahinmi;;14:17;0;0;0;0;0;0;0;0;0;0;0;1;1;2;0;
D.J. Augustin;;11:58;0;3;0;1;2;2;0;2;2;0;0;0;0;1;2;
