04-10;MIA-WAS;103-98;
25-22;21-28;23-22;34-26;
MIA
Rashard Lewis;F;36:59;5;14;3;8;4;4;3;2;5;1;0;1;2;3;17;
Shane Battier;F;28:18;5;8;5;8;0;0;1;2;3;1;1;0;1;2;15;
Joel Anthony;C;21:20;1;3;0;0;0;0;2;4;6;1;0;2;1;1;2;
Mike Miller;G;24:15;5;7;4;6;0;0;0;8;8;1;0;0;6;1;14;
Mario Chalmers;G;29:36;5;14;3;7;0;0;1;3;4;8;1;0;4;3;13;
Ray Allen;;33:16;8;18;1;7;6;7;2;4;6;4;3;0;1;4;23;
Chris Andersen;;26:40;0;3;0;0;8;8;2;5;7;1;1;3;3;1;8;
Norris Cole;;21:23;3;5;0;2;2;4;1;2;3;2;1;0;4;1;8;
James Jones;;18:13;1;3;1;3;0;0;0;5;5;0;0;0;0;2;3;
WAS
Martell Webster;F;26:08;2;7;2;4;6;8;1;0;1;2;4;0;2;0;12;
Nene;F;23:59;6;10;0;0;1;4;2;1;3;2;2;0;1;2;13;
Emeka Okafor;C;20:54;3;6;0;0;2;2;1;5;6;0;1;0;2;0;8;
Garrett Temple;G;31:24;3;10;2;6;0;0;0;3;3;2;3;0;4;3;8;
John Wall;G;39:51;7;18;0;1;3;3;3;6;9;11;2;2;2;2;17;
Chris Singleton;;9:54;0;1;0;0;0;0;0;1;1;0;0;0;0;1;0;
A.J. Price;;31:32;8;12;5;8;2;2;1;0;1;0;2;0;2;4;23;
Kevin Seraphin;;19:38;4;8;0;0;1;2;0;3;3;0;0;2;2;2;9;
Cartier Martin;;15:23;3;7;2;4;0;0;1;1;2;0;0;0;1;2;8;
Jan Vesely;;21:18;0;1;0;0;0;0;0;5;5;2;1;1;0;4;0;
