03-22;MIL-IND;78-102;
23-23;20-22;11-28;24-29;
MIL
Marquis Daniels;F;21:32;2;11;0;1;4;4;4;3;7;0;0;0;0;2;8;
Samuel Dalembert;F;25:33;5;13;0;0;0;2;6;7;13;1;0;0;1;4;10;
Larry Sanders;C;18:38;3;10;0;0;0;0;6;6;12;2;0;2;0;2;6;
Monta Ellis;G;37:00;9;22;2;7;2;5;0;3;3;6;0;0;2;2;22;
Brandon Jennings;G;31:14;1;15;0;7;2;3;0;2;2;3;1;0;3;2;4;
Mike Dunleavy;;20:15;2;5;1;2;2;2;0;0;0;2;0;1;0;5;7;
Ekpe Udoh;;17:22;2;2;0;0;3;4;0;2;2;0;0;1;0;2;7;
JJ Redick;;30:38;1;11;0;2;0;0;2;1;3;0;0;0;1;2;2;
John Henson;;22:16;3;8;0;0;0;0;4;3;7;2;2;1;1;0;6;
Gustavo Ayon;;8:20;1;2;0;0;0;2;0;3;3;0;1;0;0;0;2;
Ish Smith;;7:13;2;2;0;0;0;0;0;0;0;1;0;1;0;0;4;
IND
Paul George;F;35:12;7;15;1;4;5;6;1;7;8;6;1;0;5;0;20;
Tyler Hansbrough;F;26:32;8;14;0;0;6;7;3;9;12;0;0;0;0;2;22;
Roy Hibbert;C;26:06;4;7;0;0;3;6;2;6;8;3;0;7;1;4;11;
Lance Stephenson;G;27:01;2;4;0;1;1;2;2;5;7;3;0;2;2;2;5;
George Hill;G;26:49;2;8;0;3;2;2;0;2;2;2;3;0;0;0;6;
Orlando Johnson;;13:47;1;3;0;0;0;0;0;2;2;1;0;1;0;1;2;
Jeff Ayres;;21:28;5;10;0;0;0;0;1;6;7;0;1;0;1;3;10;
D.J. Augustin;;16:49;3;3;2;2;2;2;0;0;0;3;1;0;2;1;10;
Ian Mahinmi;;17:32;4;7;0;0;2;3;1;4;5;1;0;0;2;4;10;
Gerald Green;;15:38;0;4;0;2;2;2;0;1;1;3;0;0;0;2;2;
Ben Hansbrough;;4:22;1;1;0;0;0;0;0;1;1;1;0;0;0;0;2;
Miles Plumlee;;4:22;0;1;0;0;0;0;1;2;3;0;0;1;1;1;0;
Sam Young;;4:22;1;2;0;0;0;0;0;0;0;0;0;0;0;0;2;
