04-01;POR-UTA;102-112;
19-29;30-27;25-31;28-25;
POR
Nicolas Batum;F;29:17;4;7;2;4;0;0;0;0;0;4;0;0;3;2;10;
JJ Hickson;F;25:04;3;6;0;0;1;2;1;6;7;0;0;0;2;2;7;
Meyers Leonard;C;37:43;5;8;0;0;2;3;1;6;7;3;0;1;5;3;12;
Wesley Matthews;G;31:14;9;13;4;7;1;2;0;0;0;1;0;0;0;1;23;
Damian Lillard;G;39:29;7;16;3;7;0;0;0;5;5;5;0;1;2;2;17;
Eric Maynor;;23:51;4;6;1;1;1;2;0;1;1;8;0;0;2;2;10;
Joel Freeland;;16:23;1;3;0;0;0;0;1;3;4;1;0;0;0;3;2;
Victor Claver;;28:46;4;5;2;3;2;4;0;5;5;2;1;0;2;1;12;
Will Barton;;5:13;1;2;0;0;2;2;0;1;1;0;1;0;0;1;4;
Nolan Smith;;3:00;1;1;1;1;2;2;0;0;0;1;0;0;0;0;5;
UTA
Gordon Hayward;F;28:11;5;8;0;1;2;2;1;4;5;3;0;0;1;1;12;
Paul Millsap;F;37:12;7;11;0;0;2;2;2;0;2;2;1;0;1;3;16;
Al Jefferson;C;30:36;12;21;0;0;0;2;3;7;10;2;2;2;1;0;24;
Randy Foye;G;25:04;3;7;3;6;2;2;0;1;1;3;2;0;0;4;11;
Mo Williams;G;29:09;7;12;6;7;0;0;0;1;1;9;0;0;1;3;20;
Derrick Favors;;28:10;6;7;0;0;6;8;2;5;7;2;1;0;1;4;18;
Marvin Williams;;8:51;1;2;0;0;0;0;1;0;1;0;0;0;0;0;2;
Jamaal Tinsley;;18:51;0;0;0;0;0;0;0;1;1;5;1;0;0;1;0;
Alec Burks;;20:45;3;8;0;4;1;2;0;2;2;0;0;1;0;0;7;
DeMarre Carroll;;8:43;0;5;0;4;0;0;1;1;2;0;0;0;1;1;0;
Jeremy Evans;;3:00;1;1;0;0;0;0;0;0;0;0;0;0;0;0;2;
Kevin Murphy;;1:28;0;1;0;0;0;0;0;0;0;0;0;0;0;0;0;
