04-01;BOS-MIN;100-110;
25-27;27-30;26-27;22-26;
BOS
Jeff Green;F;38:16;5;10;0;0;0;0;1;6;7;5;0;0;5;2;10;
Brandon Bass;F;33:03;5;13;0;0;3;4;2;4;6;2;0;1;1;1;13;
Chris Wilcox;C;11:52;2;2;0;0;0;0;1;5;6;1;1;0;0;4;4;
Courtney Lee;G;24:47;3;8;1;2;0;0;0;2;2;1;0;0;3;3;7;
Avery Bradley;G;30:19;8;14;1;5;2;2;0;0;0;2;0;0;2;4;19;
Shavlik Randolph;;21:04;4;5;0;0;0;2;1;1;2;1;0;2;2;5;8;
Jason Terry;;26:05;4;8;2;3;4;4;0;2;2;3;2;0;2;0;14;
Terrence Williams;;22:17;6;10;2;3;0;2;1;5;6;5;1;0;0;0;14;
Jordan Crawford;;28:27;5;11;1;3;0;0;1;5;6;5;0;0;2;2;11;
DJ White;;3:50;0;0;0;0;0;0;0;0;0;0;0;0;0;0;0;
MIN
Andrei Kirilenko;F;26:35;6;7;1;1;4;4;2;7;9;5;2;0;2;2;17;
Derrick Williams;F;24:31;5;9;1;2;0;0;0;3;3;2;1;3;0;1;11;
Nikola Pekovic;C;41:21;9;15;0;0;11;11;1;4;5;1;1;1;0;2;29;
Luke Ridnour;G;19:57;1;7;0;3;0;0;0;1;1;1;2;0;2;1;2;
Ricky Rubio;G;34:30;2;11;0;2;5;6;0;3;3;10;2;0;2;4;9;
Chase Budinger;;16:30;1;4;1;3;0;0;0;0;0;1;0;0;0;0;3;
Dante Cunningham;;23:53;7;12;0;0;5;6;1;4;5;0;2;0;0;1;19;
Jose Juan Barea;;30:26;5;10;1;4;0;0;0;4;4;7;0;0;1;0;11;
Alexey Shved;;22:17;4;8;1;3;0;0;0;1;1;3;0;0;1;0;9;
