04-15;UTA-MIN;96-80;
26-18;23-23;22-19;25-20;
UTA
Gordon Hayward;F;25:06;2;5;0;1;4;4;0;6;6;3;1;0;1;1;8;
Paul Millsap;F;32:45;3;10;0;0;1;2;1;7;8;4;1;0;0;3;7;
Al Jefferson;C;32:11;8;15;0;0;6;6;0;8;8;0;1;2;3;0;22;
Randy Foye;G;36:11;5;11;2;5;2;2;0;2;2;3;2;0;0;2;14;
Mo Williams;G;31:35;7;15;1;3;0;0;0;4;4;7;4;0;4;1;15;
Derrick Favors;;24:21;5;7;0;0;2;3;0;6;6;1;0;0;0;3;12;
Alec Burks;;20:54;1;3;0;0;2;2;0;2;2;2;1;0;2;3;4;
Marvin Williams;;18:52;2;4;0;1;0;0;0;3;3;0;0;0;0;1;4;
Jamaal Tinsley;;4:25;1;1;0;0;0;0;0;0;0;1;1;0;0;1;2;
DeMarre Carroll;;7:41;2;4;0;0;2;2;0;0;0;0;0;0;0;0;6;
Jeremy Evans;;3:04;0;0;0;0;2;2;2;0;2;0;0;0;0;3;2;
Kevin Murphy;;2:55;0;2;0;0;0;0;0;0;0;0;0;0;0;0;0;
MIN
Andrei Kirilenko;F;23:09;2;7;0;2;3;4;1;6;7;4;1;1;2;1;7;
Derrick Williams;F;40:11;7;13;0;2;4;6;1;5;6;0;1;0;0;3;18;
Greg Stiemsma;C;23:30;3;7;0;0;0;0;0;8;8;0;0;0;1;4;6;
Luke Ridnour;G;21:27;3;7;0;1;0;0;0;1;1;3;2;0;1;0;6;
Ricky Rubio;G;28:40;2;9;0;2;2;2;1;3;4;4;2;0;1;1;6;
Dante Cunningham;;29:15;5;8;0;0;2;2;0;5;5;0;0;1;2;4;12;
Jose Juan Barea;;22:38;4;11;2;6;1;2;0;0;0;5;0;0;3;2;11;
Alexey Shved;;19:20;2;4;0;1;0;0;0;3;3;4;0;0;2;2;4;
Chase Budinger;;24:51;3;8;0;3;0;0;0;2;2;1;1;0;0;0;6;
Mickael Gelabale;;3:55;0;0;0;0;0;0;0;1;1;0;0;0;0;0;0;
Chris Johnson;;3:04;1;1;0;0;2;2;0;1;1;0;0;1;0;1;4;
