04-06;PHI-MIA;87-106;
18-33;28-17;30-27;11-29;
PHI
Evan Turner;F;31:56;6;10;0;2;2;4;1;4;5;5;0;0;1;1;14;
Thaddeus Young;F;29:23;4;11;0;0;1;2;1;0;1;0;1;0;0;4;9;
Spencer Hawes;C;28:11;4;9;2;3;1;2;3;8;11;0;1;0;1;1;11;
Damien Wilkins;G;32:13;3;10;0;1;1;1;1;2;3;0;2;0;1;3;7;
Jrue Holiday;G;39:04;7;17;3;4;1;1;1;4;5;6;2;1;5;1;18;
Dorell Wright;;29:19;3;11;1;7;3;4;3;4;7;0;0;0;0;3;10;
Justin Holiday;;6:51;0;1;0;0;0;0;0;0;0;1;0;0;0;0;0;
Lavoy Allen;;15:57;2;6;0;0;2;2;2;6;8;0;0;0;1;0;6;
Arnett Moultrie;;6:10;1;1;0;0;0;0;0;1;1;0;0;1;0;0;2;
Nick Young;;20:56;3;6;0;3;4;4;0;0;0;0;0;0;0;1;10;
MIA
LeBron James;F;29:42;12;17;1;2;2;2;0;4;4;5;1;0;1;1;27;
Udonis Haslem;F;17:36;4;9;0;0;2;2;1;4;5;0;0;1;1;2;10;
Joel Anthony;C;17:21;1;3;0;0;0;0;1;3;4;1;1;0;0;1;2;
Mike Miller;G;22:39;1;3;1;2;0;0;1;3;4;3;1;0;2;2;3;
Mario Chalmers;G;23:45;4;10;3;8;0;0;1;2;3;4;0;0;2;1;11;
Shane Battier;;25:59;2;4;2;2;2;2;0;0;0;5;1;0;0;1;8;
Rashard Lewis;;26:05;6;10;2;4;0;0;1;6;7;3;1;0;0;0;14;
Ray Allen;;27:17;3;8;3;3;2;2;0;2;2;2;0;0;2;3;11;
Norris Cole;;24:15;5;12;2;4;1;2;2;2;4;2;0;0;1;4;13;
Chris Andersen;;25:21;2;7;0;0;3;4;4;11;15;0;0;2;0;1;7;
