04-06;DET-MIN;101-107;
25-33;30-28;23-20;23-26;
DET
Kyle Singler;F;22:33;2;6;0;2;2;3;1;2;3;0;0;0;2;3;6;
Greg Monroe;F;32:19;7;13;0;1;2;2;3;3;6;1;2;1;4;4;16;
Andre Drummond;C;30:50;4;5;0;0;1;2;1;9;10;2;1;3;3;5;9;
Brandon Knight;G;40:51;9;15;3;4;4;6;2;0;2;6;2;0;3;4;25;
Jose Calderon;G;26:57;3;5;0;0;0;0;1;1;2;4;3;0;3;1;6;
Jonas Jerebko;;23:29;2;5;1;2;2;2;1;2;3;0;0;1;3;2;7;
Rodney Stuckey;;27:32;8;15;0;1;4;6;1;7;8;4;0;1;5;0;20;
Charlie Villanueva;;9:16;2;5;1;3;0;0;1;3;4;1;0;0;0;1;5;
Khris Middleton;;26:14;3;6;1;2;0;0;0;3;3;4;2;0;1;5;7;
MIN
Andrei Kirilenko;F;42:59;4;10;1;2;4;4;2;4;6;3;7;2;2;0;13;
Derrick Williams;F;17:30;6;9;1;2;1;1;0;2;2;0;0;0;1;4;14;
Nikola Pekovic;C;35:58;7;15;0;0;6;8;6;7;13;2;0;0;1;2;20;
Luke Ridnour;G;19:58;1;6;0;1;3;4;1;0;1;3;2;0;2;2;5;
Ricky Rubio;G;31:56;1;13;0;2;8;9;1;4;5;6;5;0;3;2;10;
Chase Budinger;;24:29;3;8;2;3;2;3;0;2;2;1;0;1;0;0;10;
Jose Juan Barea;;21:03;9;13;2;3;0;3;0;1;1;6;1;0;4;2;20;
Alexey Shved;;3:41;0;0;0;0;0;0;0;0;0;1;0;0;1;2;0;
Greg Stiemsma;;12:02;0;2;0;0;2;2;3;1;4;0;0;1;0;4;2;
Dante Cunningham;;30:25;5;7;0;1;3;4;2;2;4;1;1;2;0;2;13;
