03-24;CHI-MIN;104-97;
23-16;33-27;22-25;26-29;
CHI
Luol Deng;F;39:37;7;17;2;6;1;2;3;4;7;4;1;1;1;1;17;
Carlos Boozer;F;35:58;9;15;0;0;1;2;5;7;12;4;1;0;5;4;19;
Nazr Mohammed;C;21:51;2;6;0;0;0;0;5;5;10;0;1;0;0;0;4;
Jimmy Butler;G;43:47;5;11;2;2;8;9;3;6;9;2;3;1;0;2;20;
Kirk Hinrich;G;23:55;3;12;2;7;0;0;0;2;2;3;1;0;2;2;8;
Nate Robinson;;34:26;9;16;4;8;0;2;0;1;1;10;0;0;3;4;22;
Taj Gibson;;25:08;5;7;0;0;2;2;4;7;11;2;0;1;3;3;12;
Daequan Cook;;15:18;1;5;0;3;0;0;0;0;0;0;0;0;0;0;2;
MIN
Andrei Kirilenko;F;25:47;2;6;0;0;0;0;1;2;3;1;1;0;3;0;4;
Derrick Williams;F;38:23;11;18;3;5;3;4;0;5;5;0;2;2;3;3;28;
Nikola Pekovic;C;30:59;6;9;0;0;3;3;2;6;8;1;0;1;1;2;15;
Luke Ridnour;G;28:10;2;6;0;1;0;0;1;3;4;4;0;0;0;2;4;
Ricky Rubio;G;32:19;4;8;0;0;7;10;2;3;5;8;1;0;1;3;15;
Chase Budinger;;18:42;3;4;1;2;0;0;0;2;2;2;1;0;1;1;7;
Alexey Shved;;17:31;1;5;1;2;0;2;0;0;0;6;1;0;2;1;3;
Jose Juan Barea;;17:17;4;9;1;2;0;0;0;4;4;4;0;0;0;3;9;
Dante Cunningham;;21:09;5;10;0;0;0;0;0;0;0;1;2;1;1;2;10;
Greg Stiemsma;;8:07;1;2;0;0;0;0;0;1;1;0;0;0;1;2;2;
Mickael Gelabale;;0:48;0;1;0;0;0;0;0;0;0;0;0;0;0;0;0;
Chris Johnson;;0:48;0;0;0;0;0;0;0;0;0;0;0;0;0;0;0;
