04-02;DAL-LAL;81-101;
21-24;19-31;21-17;20-29;
DAL
Shawn Marion;F;27:35;4;9;0;0;1;2;6;1;7;2;1;1;0;3;9;
Dirk Nowitzki;F;33:17;4;13;1;3;2;6;0;5;5;6;1;1;1;2;11;
Chris Kaman;C;19:49;7;10;0;0;0;0;1;5;6;0;2;0;2;5;14;
O.J. Mayo;G;34:04;5;10;2;4;0;0;0;5;5;4;1;0;3;3;12;
Mike James;G;20:39;0;3;0;1;0;0;0;2;2;4;2;0;1;1;0;
Darren Collison;;28:40;5;12;1;4;0;0;0;1;1;6;3;0;2;2;11;
Elton Brand;;12:30;0;2;0;0;0;0;0;3;3;1;1;0;1;1;0;
Vince Carter;;27:29;4;13;2;6;1;2;0;1;1;0;0;0;3;3;11;
Brandan Wright;;17:54;2;4;0;0;2;2;1;2;3;0;0;3;0;4;6;
Jae Crowder;;16:11;3;3;1;1;0;0;0;3;3;0;0;1;0;0;7;
Anthony Morrow;;0:56;0;1;0;0;0;0;0;1;1;0;0;0;0;0;0;
Justin Dentmon;;0:56;0;1;0;0;0;0;0;0;0;0;0;0;0;0;0;
LAL
Kobe Bryant;F;47:04;8;18;0;3;7;8;1;10;11;11;4;2;4;3;23;
Pau Gasol;F;34:40;6;13;0;0;2;2;5;5;10;6;0;0;4;4;14;
Dwight Howard;C;36:59;7;12;0;0;10;20;4;8;12;1;1;1;2;3;24;
Jodie Meeks;G;36:31;2;9;2;5;2;2;3;3;6;3;1;0;2;1;8;
Steve Blake;G;37:52;4;8;3;7;0;0;1;4;5;1;1;0;4;3;11;
Antawn Jamison;;16:39;2;7;0;4;0;0;0;0;0;0;0;0;0;0;4;
Earl Clark;;29:19;7;14;3;5;0;1;5;7;12;1;1;5;0;2;17;
Robert Sacre;;0:56;0;0;0;0;0;0;0;1;1;0;0;0;0;0;0;
