04-14;SAS-LAL;86-91;
23-22;20-21;18-18;25-30;
SAS
Kawhi Leonard;F;33:01;1;5;0;0;6;6;1;6;7;4;2;0;1;3;8;
Tim Duncan;F;33:58;11;22;0;0;1;1;3;7;10;4;1;3;2;3;23;
Tiago Splitter;C;29:28;5;13;0;1;1;4;3;7;10;0;2;3;0;2;11;
Danny Green;G;36:14;5;11;2;7;4;4;0;3;3;2;1;2;0;2;16;
Tony Parker;G;28:17;1;10;0;0;2;2;0;4;4;8;0;0;4;1;4;
DeJuan Blair;;13:01;0;1;0;0;0;2;0;4;4;0;1;0;0;3;0;
Gary Neal;;27:50;5;13;2;6;0;0;1;2;3;4;2;0;0;2;12;
Matt Bonner;;22:23;3;4;2;2;0;0;1;0;1;2;1;0;0;5;8;
Nando De Colo;;8:44;1;6;0;1;0;0;1;0;1;0;1;0;1;2;2;
Cory Joseph;;7:04;1;4;0;1;0;0;0;3;3;1;0;0;0;0;2;
LAL
Metta World Peace;F;28:39;3;10;0;5;2;2;0;2;2;2;1;0;0;3;8;
Pau Gasol;F;39:48;3;17;0;0;1;2;5;11;16;2;1;3;2;1;7;
Dwight Howard;C;36:23;9;15;0;0;8;17;6;11;17;0;2;3;3;3;26;
Jodie Meeks;G;36:14;3;11;2;6;0;0;0;4;4;4;0;0;1;2;8;
Steve Blake;G;35:56;8;16;4;8;3;4;1;4;5;4;2;0;4;1;23;
Antawn Jamison;;19:49;4;8;3;5;4;4;2;4;6;1;0;0;1;2;15;
Darius Morris;;20:09;1;6;0;2;0;0;2;2;4;4;0;1;0;2;2;
Earl Clark;;19:21;0;2;0;1;2;2;0;3;3;1;0;0;0;0;2;
Chris Duhon;;3:41;0;0;0;0;0;0;0;1;1;0;0;0;3;0;0;
