04-04;SAS-OKC;88-100;
18-29;26-23;27-25;17-23;
SAS
Kawhi Leonard;F;41:43;9;18;3;4;3;6;6;8;14;6;1;0;2;0;24;
Tim Duncan;F;35:03;9;19;0;0;6;6;2;9;11;1;0;3;1;1;24;
Tiago Splitter;C;29:18;1;7;0;0;2;2;2;4;6;2;1;1;3;0;4;
Danny Green;G;29:31;2;7;2;6;0;0;0;2;2;2;2;1;2;1;6;
Tony Parker;G;25:27;1;6;0;1;0;0;0;1;1;4;0;0;0;2;2;
Boris Diaw;;28:13;3;6;0;1;0;0;1;4;5;3;1;0;0;1;6;
Gary Neal;;28:12;5;11;1;4;3;3;0;1;1;1;0;0;1;1;14;
Nando De Colo;;22:33;3;9;2;5;0;0;0;4;4;2;2;0;1;4;8;
OKC
Kevin Durant;F;44:48;10;20;2;3;3;4;1;8;9;6;1;3;6;2;25;
Serge Ibaka;F;34:28;5;9;1;1;0;0;3;8;11;1;0;3;0;4;11;
Kendrick Perkins;C;23:45;1;4;0;0;0;0;0;1;1;1;0;3;0;4;2;
Thabo Sefolosha;G;27:21;5;8;1;2;0;0;3;2;5;1;1;0;0;0;11;
Russell Westbrook;G;34:59;9;21;2;6;7;7;2;5;7;7;3;0;3;0;27;
Nick Collison;;24:15;0;1;0;0;2;2;0;7;7;1;1;1;1;3;2;
Kevin Martin;;21:14;1;6;0;2;0;0;0;4;4;1;0;1;1;1;2;
Reggie Jackson;;14:20;1;5;1;3;0;0;0;2;2;3;0;2;1;1;3;
Derek Fisher;;14:51;6;8;5;7;0;0;0;1;1;0;1;0;0;2;17;
