04-03;BKN-CLE;113-95;
28-20;38-16;29-32;18-27;
BKN
Keith Bogans;F;21:03;0;5;0;5;0;0;0;2;2;5;0;0;1;0;0;
Reggie Evans;F;27:07;3;5;0;0;2;6;2;16;18;0;2;0;4;4;8;
Brook Lopez;C;26:03;4;9;0;0;6;6;4;2;6;1;0;2;1;2;14;
MarShon Brooks;G;36:53;12;16;1;3;2;2;0;4;4;7;0;1;5;3;27;
Deron Williams;G;27:00;8;14;4;6;4;4;0;3;3;8;0;0;1;3;24;
Jerry Stackhouse;;20:01;4;6;1;2;0;0;0;0;0;2;0;0;0;1;9;
Kris Humphries;;20:53;1;3;0;0;0;0;0;3;3;0;0;1;1;0;2;
CJ Watson;;24:05;4;6;4;4;0;0;0;2;2;7;2;0;1;2;12;
Andray Blatche;;19:20;5;7;0;0;1;2;1;2;3;0;1;0;3;4;11;
Tyshawn Taylor;;5:25;1;3;0;1;2;2;0;1;1;1;1;0;0;0;4;
Mirza Teletovic;;5:25;1;2;0;0;0;0;1;1;2;0;0;0;0;1;2;
Tornike Shengelia;;4:08;0;0;0;0;0;0;0;0;0;0;0;0;1;0;0;
Kris Joseph;;2:37;0;0;0;0;0;0;0;0;0;0;0;0;0;0;0;
CLE
Alonzo Gee;F;28:30;3;8;1;2;2;2;2;1;3;0;2;0;1;1;9;
Tristan Thompson;F;26:53;4;11;0;0;0;1;2;6;8;2;0;0;1;2;8;
Tyler Zeller;C;26:14;5;9;0;0;4;5;1;3;4;0;0;1;2;4;14;
Wayne Ellington;G;28:23;2;8;1;3;0;0;1;3;4;3;2;0;1;0;5;
Kyrie Irving;G;28:04;5;16;1;2;5;6;1;1;2;6;1;1;2;2;16;
Daniel Gibson;;19:37;1;6;0;2;2;2;0;1;1;2;0;0;0;1;4;
Luke Walton;;14:33;1;5;0;1;0;0;0;0;0;4;0;1;1;0;2;
Shaun Livingston;;13:22;1;2;0;0;2;2;0;0;0;0;0;0;1;1;4;
Marreese Speights;;21:46;7;13;0;0;2;2;6;4;10;1;1;0;1;4;16;
CJ Miles;;13:13;3;4;1;1;4;4;0;3;3;0;1;0;0;2;11;
Chris Quinn;;6:34;0;2;0;1;2;2;0;0;0;0;0;0;0;0;2;
Kevin Jones;;6:34;0;0;0;0;0;0;0;1;1;0;0;1;1;0;0;
Omri Casspi;;6:17;2;5;0;2;0;0;0;0;0;0;1;0;0;0;4;
