04-03;DET-BOS;93-98;
30-25;14-29;23-20;26-24;
DET
Kyle Singler;F;24:55;3;7;0;1;1;2;2;3;5;1;0;0;2;2;7;
Greg Monroe;F;39:09;11;22;0;1;2;3;9;8;17;3;2;0;6;2;24;
Andre Drummond;C;20:31;4;6;0;0;0;3;7;2;9;1;1;0;2;2;8;
Brandon Knight;G;36:50;2;10;1;3;2;2;2;1;3;4;0;0;2;3;7;
Rodney Stuckey;G;37:12;5;16;1;6;11;15;1;1;2;4;1;1;0;2;22;
Jonas Jerebko;;27:29;6;10;2;3;5;5;0;5;5;1;3;0;1;4;19;
Khris Middleton;;23:26;1;2;0;1;0;0;0;1;1;1;2;0;0;2;2;
Charlie Villanueva;;23:26;2;17;0;8;0;0;3;6;9;5;1;0;2;3;4;
Kim English;;7:02;0;3;0;1;0;0;1;0;1;0;0;0;0;0;0;
BOS
Paul Pierce;F;33:20;5;14;1;6;6;6;0;3;3;5;1;0;2;5;17;
Brandon Bass;F;36:53;6;8;0;0;5;6;0;7;7;1;0;3;4;3;17;
Chris Wilcox;C;20:04;1;2;0;0;0;0;1;4;5;2;1;1;0;4;2;
Jeff Green;G;42:34;13;19;3;4;5;7;2;4;6;1;1;4;3;5;34;
Avery Bradley;G;33:28;5;8;1;1;0;0;0;0;0;3;1;0;1;3;11;
Shavlik Randolph;;13:18;1;1;0;0;0;0;1;1;2;0;0;1;0;1;2;
Courtney Lee;;12:44;0;4;0;2;0;0;0;1;1;0;0;0;2;1;0;
Jason Terry;;22:16;3;8;2;6;2;2;0;5;5;2;1;0;1;1;10;
Terrence Williams;;13:04;1;2;0;0;0;0;0;4;4;3;2;0;1;1;2;
Jordan Crawford;;12:19;1;5;0;1;1;1;0;1;1;3;0;0;1;2;3;
