03-29;CHA-NYK;102-111;
20-38;27-31;22-19;33-23;
CHA
Michael Kidd-Gilchrist;F;31:21;6;11;0;0;2;2;3;5;8;1;1;1;0;2;14;
Josh McRoberts;F;27:46;2;4;0;0;2;2;2;2;4;2;1;1;2;6;6;
Bismack Biyombo;C;34:29;1;2;0;0;0;4;2;7;9;2;1;1;1;4;2;
Gerald Henderson;G;45:58;9;16;2;5;15;17;0;7;7;3;2;0;3;5;35;
Kemba Walker;G;41:16;6;19;1;5;3;4;2;1;3;8;2;0;5;2;16;
Ben Gordon;;24:50;4;9;4;8;0;0;0;1;1;1;0;0;2;1;12;
Jeff Taylor;;18:34;3;4;0;1;2;2;1;1;2;0;0;0;2;2;8;
Jannero Pargo;;15:46;3;8;3;7;0;0;0;0;0;1;0;0;2;4;9;
NYK
Carmelo Anthony;F;35:51;11;28;1;3;9;10;7;4;11;2;1;0;5;4;32;
Iman Shumpert;F;26:44;2;4;2;4;2;2;0;2;2;5;2;0;1;3;8;
Kenyon Martin;C;35:47;2;5;0;0;2;4;1;5;6;0;0;3;0;4;6;
Raymond Felton;G;35:46;7;11;2;4;2;2;0;3;3;2;3;0;1;2;18;
Pablo Prigioni;G;10:36;0;1;0;1;0;0;0;0;0;1;0;0;0;3;0;
J.R. Smith;;37:10;12;18;2;2;11;12;0;2;2;1;1;1;4;5;37;
Steve Novak;;18:53;1;2;1;1;0;0;1;1;2;0;0;0;0;1;3;
Jason Kidd;;23:02;1;4;1;4;0;0;2;5;7;3;1;0;1;2;3;
Chris Copeland;;11:28;1;2;0;0;0;0;1;1;2;0;0;0;1;3;2;
Marcus Camby;;4:29;1;2;0;0;0;0;0;2;2;0;0;0;0;0;2;
James White;;0:15;0;0;0;0;0;0;0;0;0;0;0;0;0;0;0;
