03-28;IND-DAL;103-78;
23-18;18-23;34-17;28-20;
IND
Paul George;F;37:59;10;17;2;5;2;3;0;8;8;6;3;0;3;2;24;
David West;F;28:00;3;8;0;0;1;4;1;6;7;2;0;0;2;3;7;
Roy Hibbert;C;24:09;5;10;0;0;6;8;5;6;11;1;1;1;2;5;16;
Lance Stephenson;G;27:29;3;9;0;1;0;0;0;2;2;3;1;0;0;1;6;
George Hill;G;29:45;3;5;1;1;3;3;1;4;5;3;1;0;2;2;10;
Orlando Johnson;;20:31;5;10;2;5;0;0;0;4;4;3;0;0;0;0;12;
Tyler Hansbrough;;20:00;5;10;0;0;3;6;5;4;9;1;1;0;3;2;13;
D.J. Augustin;;18:29;2;4;2;2;0;0;1;1;2;1;0;0;1;2;6;
Ian Mahinmi;;20:11;4;8;0;0;1;2;2;5;7;1;1;1;0;2;9;
Gerald Green;;10:01;0;2;0;1;0;0;0;0;0;1;0;2;0;0;0;
Jeff Ayres;;3:26;0;1;0;0;0;0;0;0;0;0;0;0;0;0;0;
DAL
Shawn Marion;F;24:08;4;7;0;0;0;2;1;3;4;1;2;0;2;2;8;
Dirk Nowitzki;F;32:42;10;20;0;2;1;2;0;7;7;1;1;1;3;2;21;
Brandan Wright;C;21:51;2;5;0;0;0;0;0;3;3;1;0;2;0;1;4;
O.J. Mayo;G;34:36;3;10;1;5;0;0;0;3;3;1;0;0;2;1;7;
Mike James;G;19:30;0;4;0;1;0;0;0;0;0;4;1;0;1;4;0;
Elton Brand;;20:31;2;8;0;0;1;1;3;5;8;0;1;2;0;3;5;
Darren Collison;;29:03;2;6;1;1;5;6;1;1;2;8;0;0;1;4;10;
Vince Carter;;25:29;5;13;1;2;3;3;0;1;1;1;3;0;1;5;14;
Jae Crowder;;10:17;1;3;1;2;0;0;0;3;3;0;0;1;0;0;3;
Chris Kaman;;3:57;0;1;0;0;0;0;0;1;1;0;0;0;0;2;0;
Anthony Morrow;;11:05;2;4;0;1;0;0;0;0;0;0;0;0;1;0;4;
Bernard James;;3:26;1;1;0;0;0;0;2;0;2;1;0;1;0;0;2;
Justin Dentmon;;3:26;0;1;0;0;0;0;0;0;0;0;0;0;0;0;0;
