04-17;NOH-DAL;87-99;
18-19;21-28;25-28;23-24;
NOH
Al-Farouq Aminu;F;33:53;8;15;0;0;0;0;8;12;20;1;0;1;3;2;16;
Ryan Anderson;F;36:25;4;13;1;3;4;5;6;1;7;0;0;0;0;2;13;
Robin Lopez;C;32:42;6;11;0;0;2;2;7;6;13;0;0;0;2;2;14;
Eric Gordon;G;34:13;4;17;0;2;8;9;0;3;3;3;4;1;4;3;16;
Brian Roberts;G;42:00;5;17;2;5;1;1;0;3;3;6;0;0;3;4;13;
Lou Amundson;;21:44;2;3;0;0;2;6;3;3;6;0;1;1;1;0;6;
Xavier Henry;;19:49;1;5;0;0;4;5;1;3;4;0;0;0;3;3;6;
Terrel Harris;;2:30;0;0;0;0;0;0;0;0;0;0;0;0;2;1;0;
Darius Miller;;6:59;0;1;0;0;0;0;0;1;1;0;0;0;1;0;0;
Roger Mason Jr.;;9:45;1;2;1;1;0;0;0;1;1;1;0;0;0;0;3;
DAL
Shawn Marion;F;30:47;7;12;0;1;1;1;1;6;7;3;3;0;2;0;15;
Dirk Nowitzki;F;28:04;7;15;0;3;2;2;1;8;9;4;0;1;0;2;16;
Chris Kaman;C;13:01;3;5;0;0;0;0;0;5;5;0;1;0;2;1;6;
O.J. Mayo;G;30:21;2;6;1;3;0;0;0;2;2;3;0;0;3;2;5;
Mike James;G;17:29;3;5;3;4;0;0;0;0;0;2;2;0;1;3;9;
Darren Collison;;28:15;10;15;1;2;4;6;1;1;2;4;2;1;0;1;25;
Vince Carter;;26:49;4;7;1;2;0;0;0;2;2;4;1;0;0;3;9;
Brandan Wright;;18:33;2;6;0;0;0;0;0;1;1;0;0;2;1;3;4;
Jae Crowder;;20:17;1;5;0;1;2;2;3;1;4;2;2;1;1;4;4;
Anthony Morrow;;4:24;1;1;0;0;0;0;0;0;0;0;0;0;1;2;2;
Elton Brand;;16:26;1;4;0;0;0;0;1;3;4;2;1;0;0;1;2;
Bernard James;;3:18;1;1;0;0;0;0;0;0;0;0;0;0;0;1;2;
Josh Akognon;;2:16;0;0;0;0;0;0;0;1;1;0;0;0;0;0;0;
