04-07;NYK-OKC;125-120;
30-31;35-25;31-33;29-31;
NYK
Iman Shumpert;F;11:01;0;2;0;2;0;0;0;2;2;1;1;0;0;2;0;
Carmelo Anthony;F;36:38;15;29;3;6;3;4;9;3;12;0;0;1;0;4;36;
Tyson Chandler;C;38:34;6;9;0;0;3;4;3;2;5;1;0;2;1;2;15;
Pablo Prigioni;G;18:56;1;2;1;1;0;0;0;0;0;3;1;0;2;3;3;
Raymond Felton;G;39:06;5;12;1;3;5;6;3;1;4;8;1;0;0;1;16;
J.R. Smith;;34:56;7;18;2;9;6;8;1;6;7;4;0;0;3;3;22;
Jason Kidd;;30:43;5;8;4;6;0;0;1;5;6;2;2;0;0;0;14;
Chris Copeland;;18:32;5;9;2;3;1;2;2;1;3;3;0;1;0;4;13;
Steve Novak;;11:34;2;4;2;4;0;0;0;2;2;0;0;0;0;0;6;
OKC
Kevin Durant;F;45:13;7;17;0;2;13;15;0;3;3;7;0;4;4;1;27;
Serge Ibaka;F;32:17;6;6;1;1;0;0;1;5;6;0;0;5;1;3;13;
Kendrick Perkins;C;23:26;2;3;0;0;1;2;4;1;5;0;1;0;3;2;5;
Thabo Sefolosha;G;29:40;3;6;2;4;0;0;0;3;3;1;3;0;2;5;8;
Russell Westbrook;G;33:45;15;27;2;4;5;6;4;7;11;8;1;0;1;1;37;
Kevin Martin;;24:19;5;7;3;3;2;2;0;3;3;1;0;0;1;1;15;
Reggie Jackson;;21:27;6;8;1;2;0;0;0;4;4;4;0;1;0;5;13;
Nick Collison;;17:19;1;1;0;0;0;0;1;1;2;2;0;1;0;3;2;
Derek Fisher;;12:34;0;3;0;1;0;0;0;0;0;0;0;0;0;1;0;
