04-17;PHX-DEN;98-118;
20-35;20-31;29-25;29-27;
PHX
PJ Tucker;F;25:53;4;9;2;4;4;4;3;4;7;0;3;1;2;0;14;
Markieff Morris;F;13:03;2;7;0;1;0;0;1;2;3;0;0;0;1;4;4;
Luis Scola;C;28:05;6;18;0;0;5;6;8;3;11;4;1;0;1;1;17;
Wesley Johnson;G;20:20;5;11;2;6;0;0;0;3;3;1;0;0;1;2;12;
Kendall Marshall;G;40:51;1;5;0;2;0;0;1;2;3;14;1;1;0;3;2;
Jared Dudley;;19:58;2;7;0;3;1;3;1;3;4;3;1;0;2;1;5;
Michael Beasley;;23:55;5;17;2;4;1;2;1;2;3;1;0;1;2;0;13;
Marcus Morris;;15:18;2;4;0;1;0;2;1;3;4;2;1;0;0;1;4;
Hamed Haddadi;;19:55;7;11;0;0;0;0;2;5;7;1;0;2;1;1;14;
Diante Garrett;;14:51;0;7;0;3;0;0;1;0;1;3;0;0;2;2;0;
Shannon Brown;;17:51;6;8;1;1;0;0;1;0;1;0;1;0;0;3;13;
DEN
Andre Iguodala;F;31:11;8;14;0;2;4;6;1;4;5;5;2;2;3;0;20;
Wilson Chandler;F;25:04;8;14;2;5;3;3;3;3;6;4;2;0;2;2;21;
Kosta Koufos;C;17:26;5;8;0;0;1;1;1;4;5;0;0;1;0;2;11;
Evan Fournier;G;30:21;4;11;0;2;2;2;0;2;2;2;2;0;1;2;10;
Ty Lawson;G;23:13;6;9;2;4;0;0;0;1;1;7;0;0;0;0;14;
JaVale McGee;;11:21;1;3;0;0;0;0;0;3;3;0;0;1;2;2;2;
Corey Brewer;;23:13;2;4;0;2;0;2;0;3;3;1;1;0;3;1;4;
Anthony Randolph;;22:04;4;5;0;0;3;3;3;11;14;2;1;3;3;0;11;
Andre Miller;;20:57;1;3;0;0;1;1;0;1;1;6;0;0;0;2;3;
Timofey Mozgov;;20:05;4;11;0;0;2;2;5;5;10;0;0;1;2;2;10;
Jordan Hamilton;;11:15;4;8;0;1;0;0;1;2;3;1;0;0;0;0;8;
Quincy Miller;;3:50;2;3;0;0;0;0;1;0;1;0;0;0;0;0;4;
