04-11;OKC-GSW;116-97;
31-27;29-27;36-23;20-20;
OKC
Kevin Durant;F;34:27;10;16;2;3;9;10;1;9;10;8;3;1;4;1;31;
Serge Ibaka;F;28:07;7;11;1;2;2;2;2;5;7;0;1;3;2;2;17;
Kendrick Perkins;C;16:39;1;2;0;0;0;0;0;3;3;1;2;2;0;1;2;
Thabo Sefolosha;G;22:19;3;8;3;6;1;2;0;7;7;0;1;0;0;1;10;
Russell Westbrook;G;30:26;7;17;1;5;3;4;2;1;3;9;0;2;6;1;18;
Kevin Martin;;19:24;8;10;4;5;3;3;1;0;1;3;1;0;1;2;23;
Hasheem Thabeet;;18:06;2;3;0;0;0;0;1;3;4;1;0;1;0;5;4;
Reggie Jackson;;21:34;2;7;0;2;0;0;0;4;4;3;1;0;0;3;4;
Nick Collison;;17:33;0;1;0;0;0;0;3;1;4;3;1;1;1;1;0;
Derek Fisher;;19:23;2;7;1;4;2;2;0;2;2;1;0;0;1;3;7;
Ronnie Brewer;;6:45;0;0;0;0;0;0;0;1;1;0;0;0;1;1;0;
Daniel Orton;;5:17;0;1;0;0;0;0;0;0;0;1;0;0;1;0;0;
GSW
Harrison Barnes;F;20:42;3;8;1;1;2;2;1;1;2;0;1;0;1;5;9;
David Lee;F;31:48;6;13;0;0;1;1;2;9;11;0;1;1;3;3;13;
Andrew Bogut;C;9:05;0;3;0;0;0;0;0;4;4;0;1;0;1;0;0;
Klay Thompson;G;30:42;2;10;0;3;2;2;0;0;0;1;1;1;2;4;6;
Stephen Curry;G;34:55;9;18;3;6;1;1;0;3;3;7;2;0;4;0;22;
Festus Ezeli;;20:34;2;4;0;0;2;4;2;4;6;0;0;1;0;0;6;
Jarrett Jack;;28:50;6;12;2;3;5;6;0;4;4;6;3;0;1;1;19;
Carl Landry;;21:47;4;7;1;1;1;2;2;1;3;0;0;0;2;1;10;
Draymond Green;;15:27;1;2;0;1;1;2;0;4;4;0;0;0;1;4;3;
Kent Bazemore;;8:21;2;5;0;1;0;2;0;0;0;1;1;0;1;0;4;
Richard Jefferson;;11:30;2;2;0;0;1;4;0;1;1;1;0;0;0;0;5;
Andris Biedrins;;6:19;0;0;0;0;0;0;0;1;1;0;0;0;0;1;0;
