03-26;NYK-BOS;100-85;
28-24;30-20;26-25;16-16;
NYK
Iman Shumpert;F;26:26;1;3;0;2;0;0;1;2;3;1;1;0;0;2;2;
Carmelo Anthony;F;35:50;10;30;2;8;7;9;6;2;8;1;3;0;3;4;29;
Kenyon Martin;C;25:24;4;7;0;0;1;2;4;1;5;0;0;1;0;4;9;
Raymond Felton;G;31:41;3;6;0;1;0;0;0;3;3;3;2;0;1;1;6;
Pablo Prigioni;G;29:53;3;6;1;3;0;0;0;3;3;5;2;0;2;4;7;
J.R. Smith;;34:29;13;24;1;3;5;5;4;3;7;1;3;0;0;3;32;
Jason Kidd;;23:03;2;4;1;3;0;0;0;6;6;0;1;0;0;2;5;
Chris Copeland;;12:50;0;4;0;2;1;2;0;5;5;0;0;0;2;3;1;
Steve Novak;;17:44;3;6;3;6;0;0;0;1;1;0;0;1;0;1;9;
James White;;2:40;0;0;0;0;0;0;0;0;0;0;0;1;0;0;0;
BOS
Paul Pierce;F;35:55;5;10;1;4;5;7;0;6;6;6;1;1;6;3;16;
Jeff Green;F;39:02;6;14;1;4;6;6;1;9;10;6;1;1;2;4;19;
Brandon Bass;C;28:10;5;6;0;0;1;1;2;5;7;1;0;3;3;0;11;
Jordan Crawford;G;41:08;5;11;2;6;2;2;0;4;4;6;1;0;6;3;14;
Avery Bradley;G;34:08;3;11;0;2;0;0;2;1;3;0;0;0;1;2;6;
Jason Terry;;22:03;4;8;2;4;0;0;0;1;1;0;1;0;1;1;10;
Chris Wilcox;;8:59;0;1;0;0;0;0;0;0;0;0;0;1;0;1;0;
Terrence Williams;;22:37;2;7;0;0;3;4;1;4;5;1;1;0;0;1;7;
Shavlik Randolph;;5:19;1;1;0;0;0;2;1;3;4;0;1;0;0;1;2;
DJ White;;2:40;0;0;0;0;0;0;0;0;0;0;0;0;0;0;0;
