03-20;OKC-MEM;89-90;
15-21;23-23;19-14;26-25;6-7;
OKC
Kevin Durant;F;47:58;11;28;1;4;9;10;3;5;8;3;0;1;4;3;32;
Serge Ibaka;F;22:18;2;5;0;0;0;0;3;4;7;0;1;2;3;4;4;
Kendrick Perkins;C;32:36;0;2;0;0;0;0;2;13;15;1;0;0;3;4;0;
Thabo Sefolosha;G;19:53;0;1;0;1;5;6;1;0;1;0;0;1;1;5;5;
Russell Westbrook;G;40:46;7;25;0;6;6;8;2;2;4;3;3;0;2;4;20;
Kevin Martin;;33:24;6;13;1;4;4;5;0;1;1;0;2;0;1;2;17;
Nick Collison;;29:21;1;1;0;0;2;2;2;3;5;2;1;2;1;2;4;
Hasheem Thabeet;;5:02;0;0;0;0;0;0;1;1;2;0;0;0;0;3;0;
Reggie Jackson;;22:37;3;5;0;1;1;1;0;3;3;0;0;1;0;0;7;
Derek Fisher;;11:06;0;4;0;2;0;0;0;0;0;0;0;0;0;1;0;
MEM
Tayshaun Prince;F;43:16;3;13;1;2;0;0;2;1;3;1;0;0;1;3;7;
Zach Randolph;F;42:12;6;23;0;0;3;4;7;11;18;0;0;0;7;3;15;
Marc Gasol;C;42:27;5;12;0;0;4;6;3;12;15;1;0;2;3;2;14;
Tony Allen;G;34:42;4;8;0;0;0;0;2;4;6;2;2;1;1;4;8;
Mike Conley;G;47:48;9;21;1;5;5;6;3;4;7;5;2;1;1;3;24;
Jerryd Bayless;;28:06;5;10;4;6;6;6;1;1;2;1;1;0;3;5;20;
Ed Davis;;6:14;0;0;0;0;0;0;0;0;0;0;0;1;0;3;0;
Tony Wroten;;5:12;0;0;0;0;2;2;0;0;0;1;0;0;2;2;2;
Quincy Pondexter;;14:56;0;2;0;2;0;0;1;2;3;0;0;0;1;2;0;
Austin Daye;;0:07;0;0;0;0;0;0;0;0;0;0;0;0;0;0;0;
