04-16;POR-LAC;77-93;
24-28;13-26;20-28;20-11;
POR
Victor Claver;F;34:45;4;12;3;7;0;0;0;5;5;3;0;0;1;4;11;
JJ Hickson;F;24:38;3;8;0;0;1;2;4;2;6;1;0;0;1;3;7;
Meyers Leonard;C;33:06;3;7;0;1;3;3;0;2;2;0;0;0;2;3;9;
Will Barton;G;39:55;8;14;0;1;1;2;1;5;6;5;3;0;6;2;17;
Damian Lillard;G;40:02;4;12;2;7;2;3;0;3;3;8;0;0;4;2;12;
Joel Freeland;;28:29;5;10;0;0;3;4;0;6;6;0;2;0;0;1;13;
Sasha Pavlovic;;21:22;2;7;1;4;0;1;0;3;3;1;1;0;0;0;5;
Eric Maynor;;11:37;1;3;1;1;0;0;0;0;0;0;0;0;0;0;3;
Luke Babbitt;;6:06;0;0;0;0;0;0;0;2;2;0;0;0;0;1;0;
LAC
Caron Butler;F;24:59;9;14;4;7;0;0;1;3;4;0;1;0;0;1;22;
Blake Griffin;F;27:05;6;9;0;0;4;5;1;5;6;4;2;0;3;2;16;
DeAndre Jordan;C;24:59;5;5;0;0;0;1;2;7;9;0;1;3;1;0;10;
Chauncey Billups;G;17:34;0;5;0;4;4;4;0;1;1;5;1;0;1;0;4;
Chris Paul;G;24:59;3;7;0;2;2;2;0;1;1;11;3;0;1;1;8;
Jamal Crawford;;23:59;3;8;2;7;0;0;1;1;2;3;1;0;1;0;8;
Matt Barnes;;16:34;2;4;0;2;1;2;0;5;5;1;0;0;2;2;5;
Eric Bledsoe;;23:01;2;10;0;2;0;0;2;1;3;2;0;0;1;2;4;
Ryan Hollins;;9:55;4;5;0;0;1;1;2;2;4;0;0;1;0;1;9;
Lamar Odom;;20:55;1;6;1;1;0;0;5;7;12;3;1;0;3;3;3;
Ronny Turiaf;;13:06;0;1;0;0;0;0;0;1;1;0;0;0;0;0;0;
Willie Green;;6:27;1;2;0;1;0;0;0;1;1;1;0;0;1;0;2;
Grant Hill;;6:27;1;3;0;1;0;0;0;2;2;0;0;0;0;0;2;
