04-02;NYK-MIA;102-90;
27-25;23-33;28-18;24-14;
NYK
Carmelo Anthony;F;40:20;18;26;7;10;7;8;0;2;2;2;1;1;0;3;50;
Iman Shumpert;F;22:31;3;5;3;5;0;0;0;3;3;2;0;0;1;2;9;
Tyson Chandler;C;23:56;0;2;0;0;1;2;1;1;2;1;1;2;3;4;1;
Raymond Felton;G;38:22;4;9;0;3;2;2;0;0;0;9;1;0;4;2;10;
Pablo Prigioni;G;13:05;1;1;1;1;0;0;0;1;1;1;1;0;1;1;3;
Kenyon Martin;;24:04;4;7;0;0;1;2;2;4;6;0;1;0;1;3;9;
J.R. Smith;;30:08;5;15;2;3;2;4;2;4;6;1;1;0;2;4;14;
Jason Kidd;;26:38;0;2;0;2;0;0;1;2;3;1;2;0;0;3;0;
Steve Novak;;13:16;1;2;1;2;0;1;0;0;0;0;0;0;0;1;3;
Chris Copeland;;7:37;1;2;0;1;1;1;0;1;1;0;0;0;1;2;3;
James White;;0:03;0;0;0;0;0;0;0;0;0;0;0;0;0;0;0;
MIA
Udonis Haslem;F;20:24;3;4;0;0;2;2;2;0;2;0;1;0;0;1;8;
Rashard Lewis;F;27:31;0;2;0;0;0;0;0;3;3;1;1;1;3;2;0;
Chris Bosh;C;39:02;6;13;1;3;10;10;2;4;6;4;0;0;2;2;23;
Mike Miller;G;36:35;7;12;4;8;0;0;2;6;8;4;1;2;3;0;18;
Norris Cole;G;41:38;6;12;1;2;1;2;0;2;2;3;2;0;7;3;14;
Ray Allen;;26:12;5;7;1;1;5;5;0;1;1;2;2;0;2;0;16;
Shane Battier;;28:18;1;5;1;4;2;2;0;8;8;2;0;0;2;5;5;
Chris Andersen;;10:00;2;3;0;0;2;6;1;1;2;1;0;0;0;3;6;
James Jones;;10:20;0;2;0;2;0;0;0;0;0;1;0;0;0;3;0;
