04-13;LAC-MEM;91-87;
24-23;27-28;17-22;23-14;
LAC
Caron Butler;F;9:02;0;2;0;1;0;0;0;1;1;0;2;0;0;0;0;
Blake Griffin;F;33:01;5;12;0;0;2;6;3;6;9;3;1;0;1;2;12;
DeAndre Jordan;C;36:03;8;13;0;0;0;0;4;8;12;0;0;3;0;1;16;
Willie Green;G;17:18;4;9;2;4;0;0;1;1;2;1;0;0;0;3;10;
Chris Paul;G;38:32;6;14;0;3;1;2;0;4;4;5;1;0;2;2;13;
Jamal Crawford;;22:14;2;7;1;2;4;4;0;3;3;2;0;1;4;1;9;
Matt Barnes;;24:18;2;4;1;2;0;0;1;4;5;3;2;1;0;3;5;
Eric Bledsoe;;21:12;3;10;1;2;2;2;1;3;4;2;3;0;0;3;9;
Ryan Hollins;;11:53;2;2;0;0;1;2;0;2;2;0;0;0;0;3;5;
Lamar Odom;;14:59;3;4;0;1;1;2;1;1;2;2;0;1;0;1;7;
Grant Hill;;11:28;2;3;1;1;0;0;1;0;1;0;0;2;0;1;5;
MEM
Tayshaun Prince;F;34:06;5;10;3;4;0;0;0;1;1;0;0;0;1;1;13;
Zach Randolph;F;38:39;7;17;0;1;2;3;5;7;12;1;1;2;3;2;16;
Marc Gasol;C;38:27;7;14;0;0;4;4;3;12;15;7;0;0;0;2;18;
Tony Allen;G;21:44;3;7;0;0;1;4;0;2;2;0;0;0;1;2;7;
Mike Conley;G;36:59;4;11;1;2;3;5;0;4;4;6;0;0;1;4;12;
Darrell Arthur;;16:28;2;5;0;0;0;0;1;3;4;2;2;1;0;1;4;
Jerryd Bayless;;21:35;3;10;1;3;1;1;0;1;1;1;1;0;0;2;8;
Keyon Dooling;;4:26;1;2;0;0;1;1;0;0;0;0;0;0;1;2;3;
Ed Davis;;2:22;0;1;0;0;1;2;2;0;2;0;0;0;0;2;1;
Quincy Pondexter;;18:39;1;2;1;2;0;0;1;1;2;1;2;1;3;1;3;
Austin Daye;;6:35;1;4;0;1;0;0;0;0;0;1;0;1;0;1;2;
