04-03;MEM-POR;94-76;
32-21;25-25;20-18;17-12;
MEM
Tayshaun Prince;F;20:17;3;7;0;0;0;0;0;1;1;2;0;0;0;0;6;
Zach Randolph;F;27:47;5;9;0;0;7;8;1;7;8;2;1;0;1;3;17;
Marc Gasol;C;28:32;3;5;0;0;0;0;2;3;5;5;2;1;4;3;6;
Tony Allen;G;28:49;5;10;0;0;4;6;0;2;2;3;5;0;0;1;14;
Mike Conley;G;31:21;7;11;3;5;3;6;0;2;2;5;1;0;1;0;20;
Ed Davis;;18:28;5;6;0;0;2;2;4;6;10;1;1;0;0;1;12;
Jerryd Bayless;;28:07;0;8;0;3;2;2;0;0;0;7;0;0;2;1;2;
Darrell Arthur;;15:08;1;2;0;0;0;0;0;1;1;0;0;3;1;4;2;
Quincy Pondexter;;24:11;3;4;0;1;4;4;0;4;4;1;0;0;1;2;10;
Austin Daye;;10:47;1;2;1;2;0;0;0;3;3;1;0;0;1;1;3;
Jon Leuer;;2:43;1;1;0;0;0;0;0;0;0;0;0;0;1;0;2;
Keyon Dooling;;1:55;0;1;0;1;0;0;0;0;0;0;0;0;0;0;0;
Dexter Pittman;;1:55;0;1;0;0;0;0;0;1;1;0;0;0;0;2;0;
POR
Victor Claver;F;26:27;3;5;1;3;0;0;0;2;2;0;0;0;0;2;7;
JJ Hickson;F;37:00;8;12;0;0;1;3;3;6;9;2;1;1;2;2;17;
Meyers Leonard;C;28:16;4;7;0;0;2;2;2;5;7;2;0;0;2;4;10;
Wesley Matthews;G;39:21;5;16;2;10;0;0;1;1;2;0;1;0;2;3;12;
Damian Lillard;G;40:44;8;19;1;6;0;1;0;4;4;6;0;1;5;3;17;
Joel Freeland;;17:27;3;4;0;0;1;2;0;3;3;0;2;0;0;4;7;
Will Barton;;9:56;0;5;0;2;2;2;1;1;2;1;0;0;2;1;2;
Eric Maynor;;30:36;1;4;0;2;0;0;0;0;0;10;1;0;2;2;2;
Luke Babbitt;;7:30;0;4;0;4;0;0;1;0;1;0;0;0;1;1;0;
Nolan Smith;;2:43;1;4;0;2;0;0;0;0;0;0;0;0;0;0;2;
