03-21;POR-CHI;99-89;
20-21;32-16;28-16;19-36;
POR
Nicolas Batum;F;39:05;3;12;3;7;2;2;2;4;6;6;3;2;2;2;11;
LaMarcus Aldridge;F;34:05;14;23;0;0;0;1;2;6;8;3;0;2;0;4;28;
JJ Hickson;C;34:02;4;7;0;0;1;3;3;18;21;0;1;0;5;3;9;
Wesley Matthews;G;38:36;4;8;3;5;0;0;0;1;1;1;0;0;0;2;11;
Damian Lillard;G;37:28;9;17;4;7;2;2;1;3;4;7;0;0;5;1;24;
Meyers Leonard;;26:19;3;6;0;0;2;2;0;5;5;0;0;1;0;3;8;
Eric Maynor;;24:29;4;9;0;2;0;0;0;0;0;2;0;0;2;0;8;
Nolan Smith;;1:29;0;1;0;0;0;0;0;0;0;0;0;0;0;0;0;
Will Barton;;1:29;0;1;0;0;0;0;0;0;0;0;0;0;0;1;0;
Luke Babbitt;;1:29;0;0;0;0;0;0;0;0;0;0;0;0;0;0;0;
Joel Freeland;;1:29;0;0;0;0;0;0;0;0;0;0;0;0;0;0;0;
CHI
Luol Deng;F;26:27;2;7;1;2;0;0;1;1;2;2;1;0;1;1;5;
Carlos Boozer;F;32:17;8;18;0;0;0;1;2;9;11;3;2;0;2;2;16;
Joakim Noah;C;26:48;7;10;0;0;4;4;2;4;6;3;0;0;1;2;18;
Marco Belinelli;G;36:55;3;10;1;3;0;0;0;4;4;5;0;1;0;2;7;
Kirk Hinrich;G;20:39;1;7;0;4;0;0;0;1;1;3;1;0;2;0;2;
Nate Robinson;;31:13;4;12;0;2;0;0;0;1;1;9;0;0;2;1;8;
Taj Gibson;;24:55;7;14;0;0;0;1;3;6;9;1;2;1;0;2;14;
Jimmy Butler;;27:17;4;7;1;2;3;5;1;3;4;2;1;1;0;2;12;
Nazr Mohammed;;12:00;2;3;0;0;0;0;0;3;3;0;1;1;0;2;4;
Marquis Teague;;1:29;1;1;1;1;0;0;0;0;0;2;0;0;0;2;3;
