03-22;POR-ATL;104-93;
21-24;24-21;28-31;31-17;
POR
Nicolas Batum;F;38:58;2;5;1;3;0;0;0;7;7;7;4;0;3;2;5;
LaMarcus Aldridge;F;39:12;8;20;0;0;4;6;3;10;13;4;0;2;2;2;20;
JJ Hickson;C;27:38;6;10;0;0;3;5;2;8;10;1;1;0;0;4;15;
Wesley Matthews;G;39:42;10;17;5;8;3;3;0;4;4;0;2;0;1;2;28;
Damian Lillard;G;38:36;8;16;4;5;2;2;0;3;3;4;0;0;2;3;22;
Meyers Leonard;;29:10;2;6;0;0;0;0;3;6;9;1;0;0;0;2;4;
Eric Maynor;;22:28;4;10;0;1;0;0;1;0;1;5;0;0;1;1;8;
Will Barton;;4:16;1;3;0;1;0;0;1;0;1;0;1;0;0;0;2;
ATL
Kyle Korver;F;31:56;2;7;1;3;1;1;0;3;3;3;1;0;0;3;6;
Josh Smith;F;38:46;9;21;0;4;6;10;2;8;10;4;0;2;1;3;24;
Al Horford;C;43:05;7;18;0;1;1;1;3;14;17;5;2;3;2;3;15;
DeShawn Stevenson;G;28:53;1;5;1;5;0;0;0;1;1;0;1;0;0;1;3;
Jeff Teague;G;34:18;8;11;1;2;4;4;0;2;2;7;2;0;4;1;21;
John Jenkins;;18:55;3;7;2;4;0;0;0;3;3;1;1;0;1;0;8;
Devin Harris;;14:08;3;8;2;4;0;0;0;1;1;5;1;0;1;0;8;
Ivan Johnson;;14:09;3;4;0;0;0;0;1;3;4;1;0;1;2;1;6;
Dahntay Jones;;15:50;1;2;0;1;0;0;0;0;0;1;0;0;0;2;2;
