03-20;BKN-DAL;113-96;
22-32;29-19;34-26;28-19;
BKN
Gerald Wallace;F;28:30;2;6;0;3;3;5;0;1;1;2;5;0;1;0;7;
Reggie Evans;F;31:42;2;5;0;0;0;0;5;17;22;0;0;0;1;4;4;
Brook Lopez;C;37:15;15;22;0;0;8;10;7;4;11;1;1;2;3;1;38;
Joe Johnson;G;31:56;4;12;1;3;0;0;0;2;2;5;0;0;0;1;9;
Deron Williams;G;40:55;13;25;3;8;2;3;0;3;3;6;0;0;3;3;31;
Keith Bogans;;26:07;3;6;3;6;0;0;0;1;1;2;0;0;0;1;9;
Mirza Teletovic;;3:49;0;1;0;1;0;0;0;0;0;0;0;0;0;1;0;
MarShon Brooks;;3:49;0;2;0;0;0;0;0;1;1;1;0;0;0;1;0;
Andray Blatche;;20:23;6;7;0;0;2;2;1;3;4;1;0;0;0;2;14;
CJ Watson;;10:43;0;2;0;0;1;1;0;0;0;3;0;0;1;1;1;
Jerry Stackhouse;;4:51;0;1;0;0;0;0;0;0;0;0;0;0;0;0;0;
DAL
Jae Crowder;F;21:51;4;7;2;4;0;0;0;3;3;0;0;0;0;0;10;
Dirk Nowitzki;F;35:48;8;10;0;1;0;0;2;4;6;1;0;1;1;4;16;
Chris Kaman;C;21:14;7;12;0;0;0;0;1;3;4;0;1;0;1;2;14;
O.J. Mayo;G;37:38;4;9;0;0;1;2;1;4;5;6;0;0;4;3;9;
Mike James;G;26:54;4;14;4;8;0;0;1;2;3;7;0;0;1;5;12;
Vince Carter;;25:53;3;9;1;5;1;2;0;4;4;1;0;0;1;2;8;
Brandan Wright;;12:09;4;5;0;0;1;1;1;2;3;0;0;1;0;2;9;
Darren Collison;;20:14;2;5;0;0;4;6;0;0;0;3;1;0;2;0;8;
Elton Brand;;24:45;1;3;0;0;2;4;1;4;5;1;2;1;0;2;4;
Anthony Morrow;;11:50;3;6;0;1;0;0;0;1;1;0;1;0;1;0;6;
Chris Wright;;0:52;0;0;0;0;0;0;0;0;0;0;0;0;0;0;0;
Bernard James;;0:52;0;0;0;0;0;0;0;0;0;0;0;0;0;0;0;
