04-14;POR-DEN;109-118;
21-37;29-30;28-22;31-29;
POR
Victor Claver;F;24:08;3;5;2;4;1;2;1;3;4;2;1;0;3;6;9;
JJ Hickson;F;37:20;7;16;0;0;5;6;4;5;9;6;0;0;1;1;19;
Meyers Leonard;C;23:23;5;9;0;0;0;0;2;3;5;2;0;0;1;4;10;
Will Barton;G;34:17;5;8;1;2;6;6;3;6;9;5;0;0;3;3;17;
Damian Lillard;G;39:35;10;17;4;10;6;7;0;5;5;6;1;2;8;2;30;
Luke Babbitt;;23:01;1;7;0;6;0;0;1;1;2;2;1;0;1;2;2;
Eric Maynor;;26:43;4;10;3;6;3;5;0;0;0;2;1;0;3;1;14;
Sasha Pavlovic;;24:31;3;8;2;4;0;0;0;2;2;0;1;0;1;2;8;
Joel Freeland;;7:02;0;2;0;0;0;0;1;0;1;1;0;1;0;0;0;
DEN
Andre Iguodala;F;37:10;11;17;2;5;4;5;1;6;7;9;3;3;2;1;28;
Kenneth Faried;F;2:40;0;0;0;0;0;0;0;0;0;0;0;0;1;0;0;
Kosta Koufos;C;23:43;3;5;0;0;0;0;1;5;6;0;2;0;1;2;6;
Evan Fournier;G;35:38;8;12;3;5;5;6;2;2;4;4;3;0;4;3;24;
Ty Lawson;G;31:22;5;10;0;2;2;2;1;3;4;10;3;0;0;2;12;
Wilson Chandler;;33:16;3;13;2;6;3;4;1;3;4;3;1;0;3;5;11;
JaVale McGee;;16:33;5;7;0;0;0;0;0;2;2;0;0;3;3;2;10;
Anthony Randolph;;19:48;6;9;0;1;6;6;1;5;6;0;2;1;2;3;18;
Corey Brewer;;21:07;1;5;1;2;4;4;2;3;5;3;0;0;3;2;7;
Andre Miller;;18:43;1;3;0;1;0;0;0;1;1;1;1;0;2;2;2;
