03-30;POR-GSW;98-125;
31-36;24-29;23-31;20-29;
POR
Nicolas Batum;F;37:16;2;10;2;8;2;2;1;2;3;9;1;0;2;2;8;
JJ Hickson;F;28:04;5;8;0;0;5;7;2;8;10;0;0;0;2;2;15;
Meyers Leonard;C;41:00;9;17;1;1;3;3;2;8;10;1;0;1;0;4;22;
Wesley Matthews;G;31:51;6;11;2;6;4;5;2;1;3;0;2;0;1;2;18;
Damian Lillard;G;31:26;4;11;2;3;6;7;0;1;1;8;1;0;3;4;16;
Eric Maynor;;17:39;1;7;0;2;3;4;1;0;1;4;0;0;0;0;5;
Victor Claver;;13:46;1;3;0;0;1;1;1;1;2;0;1;0;0;1;3;
Will Barton;;11:58;0;5;0;1;0;0;1;0;1;0;1;0;0;0;0;
Joel Freeland;;10:07;0;5;0;0;0;0;0;2;2;0;0;0;1;2;0;
Luke Babbitt;;9:58;2;4;1;2;0;0;1;4;5;0;0;0;0;1;5;
Nolan Smith;;6:55;3;5;0;0;0;0;0;0;0;1;0;0;1;0;6;
GSW
Harrison Barnes;F;33:54;4;10;0;2;3;3;0;7;7;1;1;1;1;2;11;
David Lee;F;24:42;5;12;0;0;3;4;2;6;8;3;0;0;1;4;13;
Andrew Bogut;C;21:41;5;8;0;0;0;2;3;3;6;1;0;2;0;3;10;
Klay Thompson;G;26:18;1;6;1;4;3;4;0;4;4;1;1;0;0;3;6;
Stephen Curry;G;37:28;14;22;7;12;4;4;2;3;5;6;1;0;3;2;39;
Jarrett Jack;;28:03;1;5;0;0;2;2;0;5;5;6;1;1;2;2;4;
Draymond Green;;18:00;0;3;0;0;0;0;0;2;2;1;1;2;0;2;0;
Festus Ezeli;;14:22;2;2;0;0;0;0;1;3;4;1;1;2;2;1;4;
Carl Landry;;22:54;9;10;0;0;7;8;3;7;10;0;0;0;0;5;25;
Richard Jefferson;;6:19;3;4;0;0;0;0;0;1;1;0;0;0;1;0;6;
Kent Bazemore;;6:19;3;5;1;2;0;0;0;0;0;2;0;0;0;0;7;
