03-27;ORL-CHA;108-114;
39-20;19-31;24-32;26-31;
ORL
Maurice Harkless;F;43:45;7;12;2;3;2;4;2;2;4;1;0;0;0;4;18;
Tobias Harris;F;45:07;10;20;2;5;7;8;1;8;9;6;1;3;1;3;29;
Kyle O'Quinn;C;42:15;11;14;0;0;1;2;3;8;11;6;1;0;0;5;23;
DeQuan Jones;G;31:24;6;9;0;1;1;2;0;2;2;2;1;2;1;2;13;
Jameer Nelson;G;42:15;6;19;1;6;0;0;1;5;6;11;0;0;5;4;13;
E'Twaun Moore;;11:47;1;3;1;2;0;0;0;1;1;2;3;1;0;3;3;
Beno Udrih;;17:50;3;7;1;2;2;2;0;1;1;5;0;0;3;0;9;
Doron Lamb;;5:37;0;0;0;0;0;0;0;0;0;0;0;0;0;0;0;
CHA
Michael Kidd-Gilchrist;F;20:23;2;9;0;0;2;2;1;5;6;0;0;1;0;2;6;
Josh McRoberts;F;33:24;3;4;0;1;0;0;1;7;8;3;0;1;0;1;6;
Bismack Biyombo;C;34:13;5;9;0;0;1;5;2;5;7;3;1;3;1;3;11;
Gerald Henderson;G;42:02;12;18;1;2;9;10;1;6;7;2;1;0;3;1;34;
Kemba Walker;G;44:13;13;23;2;6;6;9;3;4;7;9;2;2;2;0;34;
Byron Mullens;;13:47;1;5;0;1;0;0;0;1;1;3;0;0;0;1;2;
Jeff Adrien;;9:22;3;4;0;0;0;0;2;0;2;0;0;0;1;1;6;
Ben Gordon;;18:44;2;5;2;4;2;2;0;3;3;3;0;1;2;2;8;
Jannero Pargo;;19:24;2;6;1;5;0;0;1;0;1;3;1;0;1;1;5;
Jeff Taylor;;4:28;1;2;0;1;0;0;0;1;1;0;0;0;0;0;2;
