03-24;PHI-SAC;117-103;
22-31;36-27;33-24;26-21;
PHI
Thaddeus Young;F;32:58;6;14;0;1;2;2;3;3;6;1;1;0;0;4;14;
Evan Turner;F;30:18;3;7;0;1;1;2;0;2;2;8;1;0;1;3;7;
Spencer Hawes;C;30:54;7;13;0;1;0;0;4;6;10;3;1;1;2;3;14;
Damien Wilkins;G;39:30;6;13;1;3;4;5;2;4;6;3;1;1;0;2;17;
Jrue Holiday;G;38:39;9;20;1;4;2;6;4;6;10;7;5;1;4;0;21;
Dorell Wright;;29:41;6;13;6;10;4;4;0;3;3;6;0;1;1;2;22;
Royal Ivey;;8:59;0;2;0;1;0;0;1;1;2;2;0;0;0;0;0;
Lavoy Allen;;22:29;9;13;0;0;2;2;3;4;7;1;0;0;0;1;20;
Arnett Moultrie;;6:32;1;1;0;0;0;0;0;2;2;0;0;0;1;0;2;
SAC
John Salmons;F;31:29;2;9;1;6;0;0;1;4;5;2;0;0;0;1;5;
Jason Thompson;F;26:57;4;10;0;0;0;2;3;5;8;0;0;1;2;0;8;
DeMarcus Cousins;C;27:25;3;9;0;0;2;2;2;7;9;2;1;1;2;5;8;
Tyreke Evans;G;33:46;8;15;1;3;2;2;0;2;2;8;2;1;1;0;19;
Isaiah Thomas;G;28:56;10;15;4;7;1;1;0;3;3;0;0;0;3;3;25;
Patrick Patterson;;33:46;5;11;2;3;0;0;3;4;7;2;2;0;1;2;12;
Marcus Thornton;;26:37;9;12;1;4;3;3;0;0;0;1;0;0;1;1;22;
Toney Douglas;;21:13;0;3;0;1;0;0;0;2;2;3;0;0;2;1;0;
Travis Outlaw;;4:56;1;1;0;0;0;0;0;0;0;0;0;0;0;0;2;
Cole Aldrich;;4:55;0;0;0;0;2;2;0;1;1;0;0;0;1;2;2;
