04-12;MIN-UTA;100-107;
22-30;32-23;27-29;19-25;
MIN
Andrei Kirilenko;F;23:33;3;6;0;1;2;2;1;2;3;3;0;0;0;2;8;
Derrick Williams;F;22:20;4;9;1;2;2;2;3;3;6;0;0;0;1;1;11;
Greg Stiemsma;C;40:34;4;9;0;0;2;2;1;6;7;1;3;2;1;4;10;
Luke Ridnour;G;23:51;4;7;0;1;2;2;0;1;1;4;2;0;4;1;10;
Ricky Rubio;G;25:29;4;7;2;3;3;3;0;2;2;3;2;0;2;4;13;
Jose Juan Barea;;27:17;6;14;2;6;9;10;0;4;4;3;0;0;2;2;23;
Chase Budinger;;24:41;5;11;2;5;0;0;1;2;3;0;1;0;0;1;12;
Alexey Shved;;19:23;1;5;1;3;0;0;0;0;0;5;1;0;0;1;3;
Dante Cunningham;;25:40;4;9;0;1;0;0;3;1;4;2;1;0;0;0;8;
Chris Johnson;;7:12;1;1;0;0;0;0;0;1;1;0;0;1;0;2;2;
UTA
Gordon Hayward;F;33:02;1;5;1;2;2;2;0;2;2;5;2;0;1;0;5;
Paul Millsap;F;23:49;5;7;0;0;0;2;0;3;3;1;0;2;3;3;10;
Al Jefferson;C;40:37;19;27;0;0;2;2;3;10;13;6;0;0;5;1;40;
Randy Foye;G;37:46;5;8;5;7;1;1;0;2;2;1;2;0;1;2;16;
Mo Williams;G;30:39;5;12;0;2;6;6;0;1;1;5;1;0;2;5;16;
Derrick Favors;;31:19;2;6;0;0;2;2;2;6;8;0;3;2;5;4;6;
Alec Burks;;19:13;3;4;1;1;0;0;1;3;4;0;0;0;0;2;7;
Marvin Williams;;16:37;1;2;0;0;2;2;0;3;3;2;0;0;1;1;4;
Jamaal Tinsley;;6:59;1;1;1;1;0;0;0;0;0;3;0;0;0;1;3;
