04-09;CLE-IND;94-99;
26-29;27-19;31-16;10-35;
CLE
Alonzo Gee;F;31:29;1;4;0;0;2;2;1;5;6;1;2;0;0;3;4;
Tristan Thompson;F;35:09;4;12;0;0;2;3;3;4;7;1;1;1;0;3;10;
Tyler Zeller;C;30:21;9;17;0;0;0;0;1;2;3;1;0;2;0;6;18;
Wayne Ellington;G;35:29;4;11;1;4;0;0;2;2;4;2;0;1;2;1;9;
Kyrie Irving;G;35:26;10;20;2;6;7;8;1;2;3;7;1;0;8;3;29;
Shaun Livingston;;29:08;4;5;0;0;2;2;2;2;4;3;0;1;4;6;10;
Kevin Jones;;14:23;2;5;0;0;0;0;2;3;5;0;0;1;0;3;4;
Omri Casspi;;16:31;3;4;0;0;0;0;2;5;7;2;1;1;2;1;6;
Marreese Speights;;12:04;2;7;0;0;0;0;0;0;0;1;0;0;1;3;4;
IND
Paul George;F;33:20;4;12;2;3;4;6;3;4;7;2;3;0;2;2;14;
David West;F;32:54;4;7;0;0;7;9;3;6;9;1;0;1;1;4;15;
Roy Hibbert;C;22:38;4;10;0;0;0;0;2;3;5;1;1;3;3;2;8;
Lance Stephenson;G;32:54;3;7;0;1;7;8;2;6;8;2;2;1;1;2;13;
George Hill;G;37:58;9;15;1;3;8;9;0;2;2;4;4;1;0;1;27;
Tyler Hansbrough;;16:47;4;8;0;0;4;8;4;0;4;0;1;0;0;1;12;
Orlando Johnson;;9:18;0;4;0;2;0;0;0;0;0;0;0;0;0;1;0;
Ian Mahinmi;;15:33;1;2;0;0;0;4;3;2;5;1;0;0;1;1;2;
D.J. Augustin;;15:50;2;5;1;3;0;0;0;1;1;1;1;0;0;0;5;
Gerald Green;;9:16;1;8;0;3;0;0;0;0;0;1;2;0;0;0;2;
Sam Young;;5:24;0;1;0;1;0;0;1;1;2;0;0;0;0;0;0;
Jeff Ayres;;8:08;0;0;0;0;1;2;0;2;2;0;0;0;1;0;1;
