04-11;NYK-CHI;111-118;
30-23;29-31;23-26;23-25;6-13;
NYK
Carmelo Anthony;F;45:07;13;34;0;4;10;10;6;13;19;2;0;1;2;3;36;
Iman Shumpert;F;26:21;3;3;1;1;0;0;0;1;1;0;1;0;0;6;7;
Chris Copeland;C;29:18;4;14;3;8;3;4;1;4;5;2;1;2;2;4;14;
Raymond Felton;G;48:59;8;17;3;6;0;0;0;5;5;6;0;1;2;5;19;
Pablo Prigioni;G;23:33;3;4;1;2;0;1;1;1;2;2;0;0;1;2;7;
J.R. Smith;;42:28;11;27;2;4;4;7;4;10;14;4;0;0;0;3;28;
Jason Kidd;;36:48;0;4;0;4;0;0;0;6;6;2;0;1;0;5;0;
Steve Novak;;12:26;0;1;0;1;0;0;0;0;0;0;0;0;0;0;0;
CHI
Luol Deng;F;33:20;5;11;1;3;5;6;2;6;8;1;0;1;0;5;16;
Jimmy Butler;F;50:17;9;15;2;3;2;5;7;7;14;2;3;3;0;4;22;
Carlos Boozer;C;46:37;3;11;0;0;7;8;0;15;15;2;2;2;5;5;13;
Marco Belinelli;G;25:30;3;7;0;2;1;1;0;3;3;3;0;0;0;1;7;
Kirk Hinrich;G;50:11;3;11;1;6;4;4;1;5;6;5;1;2;1;2;11;
Nate Robinson;;32:30;10;18;5;11;10;10;0;3;3;2;0;1;2;1;35;
Richard Hamilton;;25:34;6;14;1;2;1;3;0;3;3;8;1;0;0;3;14;
Malcolm Thomas;;0:25;0;0;0;0;0;0;0;0;0;0;0;0;0;0;0;
Marquis Teague;;0:31;0;0;0;0;0;0;0;1;1;0;0;0;0;0;0;
Daequan Cook;;0:06;0;0;0;0;0;0;0;0;0;0;0;0;0;0;0;
