04-05;ORL-CHI;86-87;
19-14;24-26;27-26;16-21;
ORL
Maurice Harkless;F;8:22;0;1;0;0;0;0;0;0;0;0;0;2;0;1;0;
Tobias Harris;F;44:32;5;17;0;1;2;2;2;9;11;3;1;2;2;3;12;
Nikola Vucevic;C;40:13;8;14;0;0;0;0;4;11;15;3;2;2;4;2;16;
Andrew Nicholson;G;25:10;2;4;0;0;2;2;1;4;5;0;0;0;1;1;6;
Beno Udrih;G;36:08;10;17;3;5;4;4;1;4;5;7;2;0;4;1;27;
DeQuan Jones;;36:05;3;11;1;3;3;4;0;2;2;0;0;1;1;3;10;
E'Twaun Moore;;13:42;1;6;0;1;2;2;1;1;2;4;0;0;1;1;4;
Doron Lamb;;28:02;1;5;0;0;1;3;0;1;1;1;1;0;0;2;3;
Kyle O'Quinn;;7:47;4;5;0;0;0;0;1;3;4;0;0;0;0;1;8;
CHI
Luol Deng;F;41:21;5;18;2;5;7;7;1;3;4;2;1;1;1;0;19;
Carlos Boozer;F;39:02;6;16;0;0;0;0;1;8;9;4;2;0;6;3;12;
Nazr Mohammed;C;31:21;1;6;0;0;3;4;4;7;11;1;0;3;0;2;5;
Jimmy Butler;G;42:39;5;13;0;2;2;2;2;1;3;1;2;0;0;0;12;
Kirk Hinrich;G;34:21;5;9;2;5;1;1;0;3;3;4;2;1;1;1;13;
Nate Robinson;;28:09;8;17;3;7;0;0;0;3;3;5;1;0;3;3;19;
Vladimir Radmanovic;;23:07;3;3;1;1;0;0;1;3;4;2;2;1;0;3;7;
