04-17;PHI-IND;105-95;
25-16;34-21;26-31;20-27;
PHI
Evan Turner;F;39:32;7;18;1;3;1;2;1;5;6;5;2;0;2;4;16;
Thaddeus Young;F;21:20;5;7;0;0;0;0;0;8;8;0;3;0;1;4;10;
Spencer Hawes;C;4:14;1;2;1;2;0;0;0;0;0;0;0;1;0;2;3;
Damien Wilkins;G;35:48;6;11;0;2;3;3;0;2;2;2;1;1;4;5;15;
Jrue Holiday;G;9:16;2;2;1;1;0;0;0;1;1;0;0;0;1;0;5;
Lavoy Allen;;32:20;4;9;0;0;3;4;3;8;11;0;0;0;3;1;11;
Dorell Wright;;36:05;8;15;4;8;3;3;0;2;2;5;1;2;0;2;23;
Arnett Moultrie;;28:50;7;11;0;0;0;0;6;6;12;1;0;0;1;3;14;
Justin Holiday;;26:30;3;8;1;2;1;2;0;0;0;3;2;2;3;2;8;
Nick Young;;6:05;0;2;0;1;0;0;0;0;0;0;0;0;1;0;0;
IND
Gerald Green;F;39:57;14;23;6;12;0;1;1;5;6;1;2;1;3;2;34;
Tyler Hansbrough;F;27:38;3;9;0;0;4;6;3;6;9;0;0;0;3;2;10;
Ian Mahinmi;C;34:03;2;5;0;0;1;5;4;2;6;1;1;0;3;3;5;
Lance Stephenson;G;25:45;5;8;0;1;2;2;1;2;3;6;0;0;4;2;12;
D.J. Augustin;G;24:26;1;4;0;3;1;2;1;1;2;5;0;0;2;1;3;
Jeff Ayres;;27:58;5;10;0;1;2;2;1;5;6;1;2;2;1;0;12;
Orlando Johnson;;16:10;1;8;0;5;0;0;0;3;3;0;1;0;0;0;2;
Sam Young;;20:03;1;2;0;1;2;4;0;3;3;0;1;0;0;3;4;
Miles Plumlee;;6:21;1;3;0;0;0;0;1;1;2;0;0;0;0;0;2;
Ben Hansbrough;;17:39;3;8;0;3;5;5;1;1;2;3;1;1;0;1;11;
