04-07;DAL-POR;96-91;
29-18;27-14;25-29;15-30;
DAL
Shawn Marion;F;34:34;10;14;0;0;0;0;1;6;7;2;0;1;1;2;20;
Dirk Nowitzki;F;23:44;2;7;0;2;2;2;1;4;5;3;3;0;1;1;6;
Chris Kaman;C;24:45;12;21;0;0;2;2;6;5;11;1;1;2;2;1;26;
O.J. Mayo;G;36:06;3;12;1;3;0;0;0;3;3;7;2;1;3;2;7;
Mike James;G;24:58;1;4;0;2;0;0;0;2;2;4;1;0;0;2;2;
Vince Carter;;30:56;4;11;2;5;4;6;1;5;6;2;0;1;0;1;14;
Darren Collison;;30:34;2;6;0;0;0;0;0;1;1;8;1;0;3;1;4;
Brandan Wright;;23:15;6;10;0;0;0;1;3;6;9;0;1;2;2;1;12;
Jae Crowder;;11:09;2;5;0;1;1;1;1;3;4;1;0;0;0;0;5;
POR
Victor Claver;F;28:04;3;5;1;3;0;0;1;2;3;1;2;1;4;3;7;
LaMarcus Aldridge;F;38:33;8;16;0;0;2;2;1;5;6;3;1;0;3;1;18;
JJ Hickson;C;21:02;3;7;0;0;0;0;2;3;5;0;0;1;2;0;6;
Wesley Matthews;G;13:18;1;4;1;3;0;0;0;1;1;2;0;0;2;0;3;
Damian Lillard;G;40:23;6;19;0;5;3;5;0;1;1;4;0;0;0;2;15;
Meyers Leonard;;14:07;1;2;0;0;0;0;0;1;1;0;1;1;1;2;2;
Eric Maynor;;25:27;4;6;0;2;0;0;0;3;3;6;0;0;2;2;8;
Luke Babbitt;;26:40;4;10;2;7;0;0;0;6;6;1;1;0;0;4;10;
Will Barton;;32:27;7;11;0;2;8;9;2;11;13;6;3;0;0;2;22;
