03-24;SAS-HOU;95-96;
20-22;26-21;21-31;28-22;
SAS
Kawhi Leonard;F;30:03;4;8;2;5;2;2;1;5;6;1;0;0;0;2;12;
Tim Duncan;F;34:38;7;18;0;0;3;5;1;6;7;2;1;2;5;2;17;
Tiago Splitter;C;27:33;4;8;0;0;2;2;2;4;6;4;0;0;2;2;10;
Danny Green;G;31:31;2;11;2;6;3;3;1;2;3;0;3;2;2;3;9;
Tony Parker;G;34:54;7;13;0;1;9;9;0;4;4;7;1;2;3;3;23;
Boris Diaw;;22:02;4;7;2;3;0;0;0;3;3;0;1;2;1;1;10;
Manu Ginobili;;27:16;1;6;1;2;0;0;2;3;5;4;1;1;1;1;3;
Nando De Colo;;13:06;1;2;1;2;0;0;0;1;1;1;2;0;1;1;3;
Stephen Jackson;;16:45;3;5;2;3;0;0;0;2;2;0;0;0;1;2;8;
Matt Bonner;;2:12;0;0;0;0;0;0;0;1;1;0;0;0;0;0;0;
HOU
Chandler Parsons;F;45:15;8;17;2;7;2;2;2;6;8;2;0;0;2;0;20;
Donatas Motiejunas;F;16:15;4;8;2;4;0;0;1;0;1;0;0;0;0;5;10;
Omer Asik;C;34:32;2;10;0;0;1;2;6;8;14;2;0;3;3;4;5;
James Harden;G;40:05;6;16;2;5;15;17;1;8;9;6;2;2;1;1;29;
Jeremy Lin;G;26:44;2;8;0;1;2;2;0;2;2;5;2;1;4;3;6;
Thomas Robinson;;10:48;0;2;0;0;0;0;1;3;4;1;0;0;1;2;0;
Patrick Beverley;;24:17;4;6;2;3;1;2;1;2;3;2;1;1;0;5;11;
Carlos Delfino;;28:36;4;10;1;6;0;0;0;2;2;1;2;0;2;1;9;
Greg Smith;;13:28;2;3;0;0;2;2;0;1;1;0;0;0;0;1;6;
