03-29;OKC-MIN;93-101;
23-23;25-30;29-27;16-21;
OKC
Kevin Durant;F;40:55;13;19;1;3;9;9;0;7;7;3;1;2;4;2;36;
Serge Ibaka;F;35:54;4;10;0;1;2;4;3;8;11;0;0;5;1;2;10;
Kendrick Perkins;C;25:52;1;3;0;0;0;0;2;3;5;0;0;1;4;6;2;
Thabo Sefolosha;G;27:31;4;5;2;2;0;0;0;3;3;0;0;1;2;3;10;
Russell Westbrook;G;32:07;7;17;1;2;3;5;1;3;4;9;0;0;2;5;18;
Kevin Martin;;20:29;1;9;0;4;2;2;0;1;1;1;0;0;1;3;4;
Reggie Jackson;;19:27;4;10;0;2;0;0;1;1;2;1;2;0;0;3;8;
Derek Fisher;;13:22;1;4;1;2;0;0;0;0;0;1;0;0;0;1;3;
Nick Collison;;18:40;0;1;0;0;0;0;2;3;5;1;1;1;2;3;0;
Hasheem Thabeet;;5:43;1;1;0;0;0;0;2;1;3;0;1;0;0;0;2;
MIN
Andrei Kirilenko;F;31:48;5;11;1;3;1;2;3;1;4;3;2;1;1;2;12;
Derrick Williams;F;26:11;2;8;1;2;1;2;1;8;9;2;0;0;0;2;6;
Nikola Pekovic;C;36:11;10;16;0;0;2;2;7;8;15;1;0;0;1;1;22;
Luke Ridnour;G;28:22;3;7;0;2;5;7;1;0;1;2;0;0;1;3;11;
Ricky Rubio;G;30:14;4;11;1;1;8;8;0;2;2;7;4;0;2;3;17;
Jose Juan Barea;;22:48;3;9;0;3;0;0;0;1;1;2;0;0;0;0;6;
Chase Budinger;;23:17;4;8;2;3;3;4;0;3;3;0;1;0;2;1;13;
Dante Cunningham;;18:54;4;9;0;0;0;0;1;6;7;1;2;0;1;1;8;
Alexey Shved;;10:27;1;3;0;1;2;2;0;2;2;2;0;0;2;1;4;
Greg Stiemsma;;11:49;1;1;0;0;0;0;0;2;2;0;1;0;0;2;2;
