04-07;LAL-LAC;95-109;
25-30;24-26;21-26;25-27;
LAL
Kobe Bryant;F;47:20;6;19;1;5;12;14;1;6;7;10;0;0;4;3;25;
Pau Gasol;F;39:12;6;11;0;0;0;2;5;8;13;8;1;0;3;2;12;
Dwight Howard;C;38:30;8;14;0;0;9;13;1;3;4;2;1;4;2;4;25;
Jodie Meeks;G;31:49;2;5;2;4;0;0;0;2;2;1;1;0;1;0;6;
Steve Blake;G;39:25;3;8;2;6;0;0;2;4;6;2;2;0;1;0;8;
Antawn Jamison;;16:58;4;8;0;1;0;0;0;1;1;1;1;0;0;1;8;
Earl Clark;;25:26;4;10;2;7;1;1;1;2;3;1;0;1;0;4;11;
Robert Sacre;;0:40;0;0;0;0;0;0;0;0;0;0;0;0;0;0;0;
Darius Morris;;0:40;0;1;0;1;0;0;0;0;0;0;0;0;0;0;0;
LAC
Caron Butler;F;25:57;6;14;2;5;0;0;1;2;3;2;2;0;0;3;14;
Blake Griffin;F;36:54;8;18;1;3;7;8;4;8;12;5;0;0;1;1;24;
DeAndre Jordan;C;28:38;2;5;0;0;0;0;4;9;13;1;0;0;1;5;4;
Willie Green;G;17:18;3;6;1;2;0;0;0;3;3;2;1;0;1;1;7;
Chris Paul;G;40:37;10;18;1;3;3;4;3;2;5;12;3;0;3;0;24;
Jamal Crawford;;30:42;6;13;2;5;6;6;0;3;3;1;0;0;2;1;20;
Matt Barnes;;22:03;5;6;1;2;1;3;1;1;2;0;0;0;0;6;12;
Ryan Hollins;;19:22;1;1;0;0;0;0;2;0;2;2;0;1;0;4;2;
Lamar Odom;;11:06;1;1;0;0;0;0;1;4;5;1;0;0;1;1;2;
Eric Bledsoe;;7:23;0;2;0;1;0;0;0;2;2;0;0;0;1;0;0;
