04-01;CLE-ATL;94-102;
19-25;25-27;24-27;26-23;
CLE
Alonzo Gee;F;32:45;5;14;1;1;0;0;2;6;8;3;1;0;3;1;11;
Tristan Thompson;F;22:55;2;6;0;0;1;3;0;6;6;2;0;0;3;4;5;
Tyler Zeller;C;20:16;4;6;0;0;4;4;1;1;2;1;0;0;1;5;12;
Wayne Ellington;G;34:25;4;12;1;5;1;1;2;2;4;2;0;0;2;3;10;
Shaun Livingston;G;36:19;6;10;0;0;2;3;0;5;5;6;2;0;2;2;14;
Luke Walton;;25:05;2;6;0;1;0;0;0;5;5;6;4;0;0;5;4;
Daniel Gibson;;9:41;2;3;0;1;0;0;0;0;0;0;0;0;0;0;4;
Marreese Speights;;24:44;11;15;0;0;1;2;2;6;8;2;1;1;1;2;23;
Omri Casspi;;16:48;4;6;1;3;0;2;0;4;4;4;1;0;1;2;9;
Chris Quinn;;14:02;0;1;0;1;0;0;0;1;1;3;0;0;1;0;0;
Kevin Jones;;3:00;1;2;0;0;0;0;1;0;1;0;0;0;0;0;2;
ATL
Kyle Korver;F;33:22;3;8;3;7;0;0;0;2;2;0;0;1;2;2;9;
Josh Smith;F;38:12;7;14;0;1;4;8;5;9;14;8;1;1;4;2;18;
Al Horford;C;28:57;8;13;0;0;0;0;1;5;6;1;0;1;0;6;16;
Devin Harris;G;43:09;8;17;1;7;8;8;1;2;3;7;3;0;2;3;25;
Jeff Teague;G;38:20;6;15;4;7;3;4;0;3;3;9;2;0;2;4;19;
Ivan Johnson;;18:39;3;5;0;0;1;3;1;4;5;0;0;0;0;0;7;
DeShawn Stevenson;;15:17;1;5;1;5;0;0;1;1;2;1;2;0;0;0;3;
Shelvin Mack;;8:55;1;2;0;1;0;0;0;1;1;0;0;0;1;0;2;
Anthony Tolliver;;15:09;0;2;0;2;3;3;1;0;1;0;0;0;0;0;3;
