04-03;ORL-SAS;84-98;
23-28;23-23;19-22;19-25;
ORL
Maurice Harkless;F;42:11;8;21;0;2;2;2;3;6;9;2;0;2;2;0;18;
Tobias Harris;F;41:28;5;19;1;6;0;0;1;6;7;5;1;3;4;2;11;
Nikola Vucevic;C;35:57;7;13;0;0;2;2;4;10;14;2;4;2;0;3;16;
Andrew Nicholson;G;9:54;1;4;0;0;0;0;0;3;3;0;1;0;1;0;2;
Beno Udrih;G;39:31;5;11;2;3;2;2;0;3;3;8;3;0;4;4;14;
DeQuan Jones;;19:60;5;9;1;2;1;1;0;1;1;0;2;0;0;1;12;
E'Twaun Moore;;23:54;1;6;0;2;1;2;0;3;3;1;0;0;1;2;3;
Kyle O'Quinn;;11:01;0;3;0;0;0;0;1;2;3;4;0;0;1;2;0;
Doron Lamb;;16:04;3;4;2;2;0;0;0;4;4;2;1;0;0;2;8;
SAS
Stephen Jackson;F;19:40;1;9;0;4;0;0;0;1;1;3;0;0;3;0;2;
Tim Duncan;F;13:35;2;5;0;0;1;2;0;4;4;0;0;0;2;0;5;
Boris Diaw;C;24:56;2;7;0;0;0;0;5;2;7;4;0;1;3;0;4;
Danny Green;G;27:53;7;10;4;7;2;2;1;2;3;3;2;1;1;0;20;
Nando De Colo;G;28:38;3;9;1;3;1;2;0;7;7;6;2;1;2;2;8;
Gary Neal;;31:28;6;14;4;8;0;0;0;8;8;2;0;0;0;2;16;
Tiago Splitter;;16:27;4;7;0;0;2;2;3;6;9;1;1;0;0;0;10;
Patty Mills;;24:56;3;11;1;6;0;0;0;2;2;4;1;0;2;1;7;
Matt Bonner;;22:14;4;8;0;1;1;2;1;2;3;1;0;1;0;2;9;
Cory Joseph;;12:15;4;4;0;0;0;0;0;4;4;2;1;0;0;0;8;
Aron Baynes;;17:58;4;6;0;0;1;3;2;3;5;0;0;0;2;1;9;
