03-25;DEN-NOH;86-110;
18-27;20-32;30-27;18-24;
DEN
Danilo Gallinari;F;32:38;5;12;4;6;10;10;1;1;2;1;1;0;0;1;24;
Kenneth Faried;F;24:59;4;6;0;0;5;6;1;6;7;0;1;1;2;4;13;
Kosta Koufos;C;20:11;1;5;0;0;1;2;2;1;3;0;1;2;0;0;3;
Andre Iguodala;G;35:00;2;5;0;2;2;4;0;1;1;4;1;0;1;2;6;
Andre Miller;G;39:03;3;5;0;0;3;4;0;4;4;6;2;0;3;0;9;
Wilson Chandler;;30:14;3;10;0;3;5;7;0;4;4;2;0;0;2;3;11;
Corey Brewer;;26:59;4;12;0;3;1;2;2;1;3;1;1;0;3;3;9;
JaVale McGee;;10:34;1;3;0;0;0;0;1;1;2;0;0;2;0;0;2;
Julyan Stone;;2:26;0;0;0;0;0;0;0;0;0;0;1;0;1;1;0;
Jordan Hamilton;;10:32;2;7;1;2;2;2;4;1;5;0;0;0;0;0;7;
Evan Fournier;;2:28;0;1;0;0;0;0;0;0;0;0;0;0;1;1;0;
Anthony Randolph;;2:28;0;0;0;0;0;0;0;0;0;0;0;0;0;0;0;
Timofey Mozgov;;2:28;0;0;0;0;2;2;0;1;1;0;0;0;0;0;2;
NOH
Al-Farouq Aminu;F;35:54;4;11;0;0;5;5;3;5;8;3;3;3;1;2;13;
Anthony Davis;F;22:56;5;8;0;0;4;4;3;3;6;2;0;1;0;4;14;
Robin Lopez;C;22:22;5;11;0;0;1;2;4;3;7;2;1;3;3;3;11;
Darius Miller;G;25:56;6;7;4;5;0;0;1;2;3;1;1;1;0;3;16;
Brian Roberts;G;41:11;5;10;1;4;2;2;0;5;5;18;1;0;3;3;13;
Ryan Anderson;;36:22;9;22;5;11;0;0;3;6;9;1;1;0;0;2;23;
Roger Mason Jr.;;27:46;5;8;4;5;0;0;1;2;3;3;1;0;1;5;14;
Lou Amundson;;10:30;1;4;0;0;0;0;2;2;4;0;0;2;1;0;2;
Terrel Harris;;5:03;0;0;0;0;0;0;0;0;0;0;0;0;2;0;0;
Xavier Henry;;10:55;1;4;0;0;0;0;0;0;0;0;0;0;1;2;2;
Lance Thomas;;1:05;0;0;0;0;2;2;0;0;0;0;0;0;0;0;2;
