04-10;LAL-POR;113-106;
33-41;28-28;27-21;25-16;
LAL
Earl Clark;F;26:40;1;3;1;3;0;0;0;1;1;0;0;0;0;2;3;
Pau Gasol;F;39:17;11;15;0;1;1;2;1;6;7;9;0;2;3;2;23;
Dwight Howard;C;38:10;9;11;0;0;2;4;2;8;10;1;0;3;6;4;20;
Kobe Bryant;G;48:00;14;27;1;5;18;18;0;8;8;5;3;4;1;4;47;
Steve Blake;G;37:59;3;4;2;3;0;0;2;5;7;3;1;0;3;2;8;
Metta World Peace;;13:30;2;5;0;2;0;0;0;2;2;0;1;0;0;2;4;
Antawn Jamison;;15:29;2;5;1;3;0;0;1;2;3;0;0;0;1;0;5;
Jodie Meeks;;20:56;1;3;1;2;0;0;0;1;1;1;2;0;1;1;3;
POR
Victor Claver;F;27:01;3;11;1;4;2;2;0;2;2;4;0;0;0;4;9;
LaMarcus Aldridge;F;40:15;7;13;0;0;3;4;4;12;16;2;3;0;1;3;17;
Meyers Leonard;C;32:17;2;4;0;0;0;0;3;2;5;2;0;0;1;4;4;
Will Barton;G;29:25;4;12;0;1;1;2;0;1;1;2;2;0;3;2;9;
Damian Lillard;G;42:47;12;25;5;11;9;9;0;1;1;9;3;0;2;2;38;
Luke Babbitt;;22:29;4;5;4;5;0;0;2;3;5;1;0;0;1;3;12;
Sasha Pavlovic;;22:28;3;7;1;3;1;1;0;1;1;0;0;0;0;4;8;
Eric Maynor;;23:18;3;8;1;2;2;2;0;0;0;4;2;0;2;2;9;
