04-12;PHI-WAS;97-86;
24-31;24-18;26-16;23-21;
PHI
Evan Turner;F;24:16;0;11;0;0;0;0;0;4;4;7;1;1;0;2;0;
Thaddeus Young;F;33:48;8;9;0;0;2;2;2;11;13;1;4;0;1;2;18;
Spencer Hawes;C;36:01;7;16;1;4;0;0;3;5;8;4;1;2;3;2;15;
Damien Wilkins;G;30:24;6;13;2;3;1;1;1;5;6;3;0;0;3;2;15;
Jrue Holiday;G;36:46;8;17;1;4;5;5;0;0;0;7;1;0;2;2;22;
Arnett Moultrie;;17:15;3;5;0;0;1;2;4;1;5;1;2;0;0;1;7;
Dorell Wright;;24:59;5;12;2;7;1;1;1;5;6;3;1;0;1;0;13;
Nick Young;;8:50;0;3;0;2;0;0;0;0;0;0;1;0;0;2;0;
Lavoy Allen;;7:59;0;2;0;0;0;0;0;2;2;0;0;0;0;0;0;
Justin Holiday;;19:42;3;5;1;2;0;0;0;3;3;3;0;0;1;0;7;
WAS
Cartier Martin;F;37:26;2;8;0;3;2;2;1;3;4;2;1;1;1;0;6;
Nene;F;19:29;3;5;0;0;3;4;4;6;10;4;1;0;4;3;9;
Emeka Okafor;C;18:11;3;8;0;0;1;2;1;3;4;1;0;0;3;3;7;
Garrett Temple;G;30:51;3;6;1;2;1;1;2;3;5;2;2;1;1;0;8;
John Wall;G;34:31;9;21;0;1;6;10;0;2;2;7;1;1;3;1;24;
Trevor Booker;;25:02;5;6;0;0;0;0;2;3;5;1;1;0;0;2;10;
Kevin Seraphin;;28:31;5;13;0;0;0;0;2;4;6;0;1;3;2;2;10;
Chris Singleton;;19:06;3;6;0;0;0;2;0;6;6;1;0;1;2;2;6;
A.J. Price;;22:18;3;13;0;7;0;0;0;2;2;2;0;0;1;0;6;
Jan Vesely;;4:35;0;1;0;0;0;0;1;2;3;1;0;0;0;0;0;
