04-03;WAS-TOR;78-88;
24-23;26-16;12-29;16-20;
WAS
Martell Webster;F;25:41;1;8;0;4;2;4;1;2;3;3;0;0;1;3;4;
Nene;F;32:18;5;12;0;0;2;2;2;3;5;1;1;1;3;5;12;
Emeka Okafor;C;33:39;8;16;0;0;1;2;1;7;8;0;1;1;3;4;17;
Garrett Temple;G;15:56;0;2;0;0;0;0;0;2;2;1;2;0;0;1;0;
John Wall;G;32:35;5;17;0;1;10;10;1;4;5;5;0;0;2;3;20;
Kevin Seraphin;;10:25;1;3;0;0;2;2;1;3;4;1;1;0;2;4;4;
Trevor Ariza;;34:11;3;9;2;5;0;0;2;5;7;1;1;0;1;2;8;
A.J. Price;;19:18;1;6;1;4;2;5;0;0;0;1;1;0;0;0;5;
Trevor Booker;;15:33;0;1;0;0;2;4;1;1;2;1;0;0;1;3;2;
Cartier Martin;;16:26;2;6;2;5;0;0;1;4;5;0;0;0;1;0;6;
Jan Vesely;;3:58;0;0;0;0;0;0;0;0;0;0;0;0;0;2;0;
TOR
Rudy Gay;F;26:14;2;8;0;3;2;4;1;7;8;2;2;0;4;4;6;
Amir Johnson;F;34:33;4;8;0;0;1;1;1;6;7;1;2;2;1;5;9;
Jonas Valanciunas;C;40:42;4;7;0;0;16;18;0;10;10;1;1;2;3;4;24;
DeMar DeRozan;G;37:23;11;21;0;0;3;5;0;1;1;1;1;1;3;0;25;
Kyle Lowry;G;36:53;2;8;1;3;4;6;0;8;8;13;0;0;2;3;9;
Alan Anderson;;7:52;0;1;0;1;0;0;0;2;2;0;0;0;0;0;0;
Quincy Acy;;19:54;4;5;0;0;0;0;1;2;3;0;0;1;2;5;8;
Sebastian Telfair;;11:07;1;5;0;1;0;0;0;2;2;3;0;0;0;1;2;
Terrence Ross;;7:54;1;2;0;0;0;0;0;0;0;0;0;0;0;0;2;
Landry Fields;;17:28;1;1;0;0;1;2;1;2;3;0;0;0;0;2;3;
