04-15;CHI-ORL;102-84;
21-23;28-14;28-18;25-29;
CHI
Jimmy Butler;F;37:52;2;7;1;1;3;4;2;8;10;5;1;0;1;4;8;
Luol Deng;F;31:41;8;11;2;3;0;0;1;3;4;8;1;2;2;0;18;
Carlos Boozer;C;31:39;11;15;0;0;0;0;0;6;6;4;0;0;3;3;22;
Marco Belinelli;G;21:26;6;9;2;4;2;2;1;0;1;2;0;0;0;2;16;
Kirk Hinrich;G;33:13;5;8;4;6;0;0;0;2;2;4;3;0;1;1;14;
Joakim Noah;;14:21;2;4;0;1;2;4;2;3;5;0;0;0;1;4;6;
Richard Hamilton;;12:37;1;5;0;1;0;0;0;0;0;1;0;0;0;3;2;
Nate Robinson;;28:44;1;2;0;0;0;0;2;3;5;7;1;0;5;3;2;
Taj Gibson;;21:13;5;11;0;1;2;3;0;1;1;2;0;2;1;4;12;
Daequan Cook;;3:14;0;1;0;0;0;0;0;0;0;0;0;0;0;0;0;
Nazr Mohammed;;2:00;0;1;0;0;0;0;0;1;1;0;0;0;0;1;0;
Malcolm Thomas;;2:00;1;1;0;0;0;0;0;0;0;0;0;0;0;0;2;
ORL
Maurice Harkless;F;40:41;6;12;0;1;4;7;2;3;5;2;2;2;3;2;16;
Tobias Harris;F;40:13;8;17;0;2;4;7;3;1;4;4;1;1;1;1;20;
Nikola Vucevic;C;31:25;6;13;0;0;5;6;7;7;14;2;3;1;3;1;17;
E'Twaun Moore;G;26:50;2;7;0;2;1;2;0;2;2;2;1;1;2;2;5;
Beno Udrih;G;23:24;2;7;1;2;0;0;0;0;0;1;0;0;2;2;5;
Kyle O'Quinn;;22:28;3;6;0;0;2;4;1;8;9;2;0;1;1;1;8;
Doron Lamb;;30:10;2;7;1;3;4;7;0;0;0;1;0;0;1;3;9;
DeQuan Jones;;10:46;1;2;0;0;0;0;1;2;3;0;0;0;1;1;2;
Andrew Nicholson;;14:03;1;3;0;0;0;0;1;1;2;2;1;0;0;1;2;
