03-20;UTA-HOU;93-100;
17-25;16-27;28-28;32-20;
UTA
Gordon Hayward;F;41:58;9;15;3;4;6;8;0;8;8;2;1;0;1;2;27;
Paul Millsap;F;24:52;6;10;0;0;4;4;2;2;4;2;2;1;2;1;16;
Al Jefferson;C;42:53;9;19;0;0;0;1;2;9;11;4;2;0;3;4;18;
Randy Foye;G;27:35;3;10;1;6;0;0;1;1;2;0;1;0;2;3;7;
Mo Williams;G;24:04;2;7;0;1;0;0;0;1;1;6;0;0;0;4;4;
Derrick Favors;;22:44;2;4;0;0;1;2;0;3;3;2;1;3;2;1;5;
Marvin Williams;;20:49;1;3;0;2;0;0;0;3;3;0;0;1;0;1;2;
Jamaal Tinsley;;5:44;1;2;1;2;0;0;0;0;0;0;1;0;3;1;3;
Alec Burks;;24:14;3;8;0;2;5;5;0;4;4;2;1;0;1;5;11;
Enes Kanter;;5:07;0;1;0;0;0;0;0;0;0;1;0;0;0;0;0;
HOU
Chandler Parsons;F;38:07;5;10;0;4;0;0;0;8;8;3;1;0;1;4;10;
Donatas Motiejunas;F;26:28;2;8;1;4;0;2;1;4;5;0;1;1;2;4;5;
Omer Asik;C;34:58;3;8;0;0;3;4;4;8;12;0;0;1;3;2;9;
James Harden;G;38:01;5;14;2;6;17;18;0;2;2;3;2;1;3;3;29;
Jeremy Lin;G;30:12;9;13;1;1;5;6;0;2;2;6;0;0;2;3;24;
Thomas Robinson;;17:07;2;7;0;1;0;0;1;5;6;0;0;0;2;2;4;
Carlos Delfino;;24:17;4;8;1;5;0;0;1;3;4;1;2;0;0;1;9;
Patrick Beverley;;17:48;3;6;1;2;0;0;1;1;2;2;3;1;2;2;7;
Greg Smith;;13:02;1;2;0;0;1;2;1;2;3;0;1;0;0;2;3;
