03-20;GSW-SAS;93-104;
22-22;25-38;23-19;23-25;
GSW
Harrison Barnes;F;17:33;6;9;1;1;0;0;0;1;1;1;1;0;1;0;13;
David Lee;F;37:51;4;17;0;0;2;2;4;8;12;1;2;1;2;3;10;
Andrew Bogut;C;33:07;2;9;0;0;0;0;4;7;11;1;0;0;0;3;4;
Klay Thompson;G;34:02;3;8;1;1;2;2;1;2;3;0;1;1;2;2;9;
Stephen Curry;G;35:37;8;20;4;8;4;5;1;3;4;3;2;0;3;0;24;
Jarrett Jack;;31:07;6;11;0;0;2;2;0;2;2;7;1;0;2;1;14;
Draymond Green;;14:15;2;3;0;1;0;0;0;1;1;1;0;2;0;2;4;
Carl Landry;;13:56;5;5;0;0;0;0;0;1;1;1;0;0;2;4;10;
Festus Ezeli;;9:53;0;0;0;0;0;0;2;1;3;0;0;0;0;1;0;
Richard Jefferson;;6:28;0;0;0;0;0;0;0;1;1;1;0;0;2;1;0;
Kent Bazemore;;6:12;1;2;0;1;3;4;0;0;0;0;2;0;2;0;5;
SAS
Kawhi Leonard;F;32:60;4;7;1;2;0;0;0;4;4;0;0;1;1;3;9;
Tim Duncan;F;31:27;11;17;0;0;3;3;2;11;13;6;1;4;3;0;25;
Tiago Splitter;C;31:13;6;12;0;0;5;6;1;6;7;4;1;1;2;1;17;
Danny Green;G;28:14;3;9;1;5;2;2;1;4;5;4;0;1;1;2;9;
Cory Joseph;G;15:48;0;2;0;1;0;0;0;1;1;2;2;0;0;2;0;
Manu Ginobili;;28:01;5;16;2;8;4;4;2;1;3;7;1;0;4;2;16;
Boris Diaw;;21:25;2;3;0;0;0;0;1;0;1;1;2;0;0;2;4;
Nando De Colo;;24:53;5;6;0;0;0;0;1;2;3;2;2;0;1;1;10;
Stephen Jackson;;15:01;3;10;2;7;0;0;0;0;0;1;0;0;0;0;8;
Matt Bonner;;10:59;2;3;2;3;0;0;0;1;1;0;0;0;0;0;6;
