03-29;UTA-POR;105-95;
22-30;20-22;32-23;31-20;
UTA
Gordon Hayward;F;40:02;4;8;2;6;0;0;1;2;3;8;3;1;2;1;10;
Paul Millsap;F;31:54;10;14;0;0;5;6;5;5;10;2;0;0;3;5;25;
Al Jefferson;C;37:13;11;21;0;0;0;0;2;6;8;2;4;2;1;3;22;
Randy Foye;G;29:06;1;5;0;3;3;3;0;1;1;1;1;1;0;3;5;
Mo Williams;G;29:25;10;19;2;5;6;6;2;3;5;5;1;0;2;3;28;
Derrick Favors;;26:41;6;8;0;0;1;3;2;8;10;2;0;0;1;6;13;
Marvin Williams;;12:12;0;3;0;1;0;0;0;1;1;0;2;0;0;1;0;
Alec Burks;;14:33;1;6;0;2;0;0;1;2;3;1;0;0;0;0;2;
Jamaal Tinsley;;16:18;0;2;0;2;0;0;0;1;1;4;1;0;1;1;0;
Jeremy Evans;;2:37;0;0;0;0;0;0;0;0;0;0;0;0;0;0;0;
POR
Nicolas Batum;F;40:16;4;6;3;4;6;7;0;2;2;4;0;1;4;4;17;
JJ Hickson;F;36:06;8;11;0;0;1;4;2;12;14;2;0;0;2;0;17;
Meyers Leonard;C;32:26;5;11;0;0;2;2;1;2;3;1;0;0;3;4;12;
Wesley Matthews;G;37:41;3;10;2;4;4;4;0;5;5;2;1;0;2;2;12;
Damian Lillard;G;39:31;7;16;0;1;10;14;0;2;2;7;1;0;2;3;24;
Joel Freeland;;13:39;0;2;0;0;0;0;2;2;4;0;0;0;1;0;0;
Eric Maynor;;21:17;3;5;1;1;0;0;0;1;1;5;0;0;2;2;7;
Victor Claver;;18:05;3;6;0;3;0;1;1;3;4;1;1;2;0;3;6;
Luke Babbitt;;0:60;0;0;0;0;0;0;0;0;0;0;0;0;0;0;0;
