04-15;SAC-OKC;95-104;
19-25;24-29;24-29;28-21;
SAC
John Salmons;F;24:20;2;8;0;3;0;0;1;4;5;3;0;0;1;3;4;
Jason Thompson;F;26:23;2;8;0;1;3;6;1;2;3;0;1;0;0;2;7;
DeMarcus Cousins;C;25:14;2;9;0;0;3;4;1;5;6;2;0;0;5;1;7;
Tyreke Evans;G;10:00;4;5;0;1;0;0;0;0;0;1;1;0;0;1;8;
Isaiah Thomas;G;27:31;5;10;4;8;2;2;1;3;4;2;0;0;5;2;16;
Marcus Thornton;;19:07;3;10;0;4;0;0;3;0;3;3;2;0;1;1;6;
Toney Douglas;;14:16;1;3;1;2;0;0;1;0;1;2;1;0;0;3;3;
Travis Outlaw;;23:40;6;11;0;2;3;6;0;2;2;3;1;0;0;0;15;
Patrick Patterson;;21:37;3;5;0;0;0;0;0;5;5;1;0;0;0;0;6;
Cole Aldrich;;22:46;6;6;0;0;0;0;4;9;13;0;0;0;2;2;12;
Jimmer Fredette;;25:06;4;12;2;6;1;3;0;3;3;2;2;0;1;0;11;
OKC
Kevin Durant;F;37:20;10;16;3;5;6;8;1;6;7;8;1;2;1;1;29;
Serge Ibaka;F;29:54;7;14;0;0;0;0;0;7;7;0;1;2;1;0;14;
Hasheem Thabeet;C;12:34;1;1;0;0;0;0;1;2;3;0;1;0;0;4;2;
Thabo Sefolosha;G;23:33;2;6;0;4;2;2;0;0;0;2;1;2;1;2;6;
Russell Westbrook;G;36:06;8;19;2;5;3;4;1;4;5;8;3;0;4;2;21;
Ronnie Brewer;;30:40;1;9;0;2;0;0;5;8;13;3;0;0;0;3;2;
Daniel Orton;;21:30;4;6;0;0;2;4;5;2;7;0;3;0;2;3;10;
Reggie Jackson;;17:26;4;8;0;2;2;2;2;1;3;2;0;0;1;1;10;
Nick Collison;;18:08;1;4;0;1;0;0;1;1;2;0;0;0;0;1;2;
Jeremy Lamb;;12:00;4;8;0;4;0;0;1;1;2;0;0;0;0;1;8;
Perry Jones;;0:49;0;1;0;0;0;0;0;0;0;0;0;0;0;0;0;
