03-23;TOR-NYK;84-110;
17-21;30-38;20-23;17-28;
TOR
Landry Fields;F;38:21;3;6;0;0;1;3;1;3;4;1;2;0;2;3;7;
Terrence Ross;F;30:50;5;10;3;5;0;0;0;6;6;1;0;1;3;3;13;
Jonas Valanciunas;C;30:00;4;4;0;0;3;3;3;5;8;0;0;0;3;2;11;
DeMar DeRozan;G;38:33;7;15;0;2;3;5;2;1;3;3;1;1;2;3;17;
Kyle Lowry;G;31:32;6;13;0;4;2;4;1;3;4;4;1;0;3;2;14;
Alan Anderson;;30:54;5;14;1;5;3;3;2;2;4;2;0;0;3;4;14;
John Lucas III;;21:50;2;11;0;7;0;0;0;2;2;0;0;0;1;1;4;
Amir Johnson;;18:00;2;3;0;0;0;0;2;2;4;2;2;0;1;2;4;
NYK
Carmelo Anthony;F;30:15;9;19;0;3;10;10;3;5;8;2;1;0;2;3;28;
Iman Shumpert;F;20:56;3;6;2;4;0;0;1;2;3;2;4;1;1;2;8;
Kenyon Martin;C;27:27;7;11;0;0;4;5;4;3;7;0;1;2;1;2;18;
Raymond Felton;G;28:30;4;9;1;4;0;0;1;1;2;5;3;0;2;3;9;
Pablo Prigioni;G;27:49;1;2;0;0;0;0;1;5;6;6;1;0;0;1;2;
J.R. Smith;;31:09;9;16;0;3;7;8;0;5;5;3;2;0;3;1;25;
Jason Kidd;;22:41;1;1;1;1;0;0;0;3;3;2;1;0;1;2;3;
Steve Novak;;25:13;2;6;1;2;0;0;0;3;3;0;1;0;0;1;5;
Chris Copeland;;20:33;5;7;2;2;0;0;1;4;5;0;0;0;1;5;12;
James White;;5:27;0;2;0;0;0;0;0;2;2;0;0;0;0;0;0;
