04-01;SAS-MEM;90-92;
21-21;23-16;24-25;22-30;
SAS
Stephen Jackson;F;34:33;4;10;2;6;2;2;1;6;7;3;2;2;3;0;12;
Boris Diaw;F;31:48;3;12;1;3;0;0;1;2;3;2;2;2;0;4;7;
Tiago Splitter;C;25:10;6;8;0;0;1;2;4;7;11;1;1;1;1;6;13;
Danny Green;G;32:13;1;6;1;4;0;0;0;3;3;3;1;2;1;2;3;
Tony Parker;G;33:18;9;19;0;2;7;7;0;2;2;4;0;0;3;0;25;
Gary Neal;;27:23;3;7;2;4;0;0;0;1;1;3;0;0;1;2;8;
DeJuan Blair;;20:13;3;3;0;0;0;0;0;4;4;4;2;0;0;4;6;
Matt Bonner;;18:49;2;4;2;4;0;0;0;4;4;0;0;1;2;3;6;
Nando De Colo;;16:33;5;6;0;0;0;0;1;4;5;1;0;0;5;2;10;
MEM
Tayshaun Prince;F;29:15;5;11;1;2;0;0;0;6;6;4;3;1;0;0;11;
Zach Randolph;F;28:27;4;11;0;0;3;4;3;7;10;0;2;0;0;0;11;
Marc Gasol;C;34:46;6;14;0;0;4;4;3;4;7;4;2;1;1;3;16;
Tony Allen;G;20:08;1;5;0;0;4;4;2;5;7;2;0;2;1;0;6;
Mike Conley;G;35:35;11;17;1;3;0;1;1;2;3;2;0;0;4;4;23;
Darrell Arthur;;15:15;0;1;0;0;0;0;1;0;1;0;0;0;1;1;0;
Jerryd Bayless;;28:15;7;12;0;1;3;5;0;2;2;3;0;0;1;3;17;
Tony Wroten;;6:00;0;2;0;0;1;2;0;0;0;0;1;0;0;1;1;
Quincy Pondexter;;15:08;0;3;0;1;1;2;0;1;1;0;0;0;0;0;1;
Ed Davis;;14:26;1;1;0;0;2;2;0;2;2;0;1;1;1;2;4;
Austin Daye;;12:45;1;2;0;0;0;0;0;1;1;0;0;0;1;0;2;
