04-05;MIA-CHA;89-79;
26-22;22-23;18-8;23-26;
MIA
Rashard Lewis;F;32:10;5;12;2;6;2;2;2;3;5;2;1;1;3;1;14;
Udonis Haslem;F;18:06;1;2;0;0;0;0;1;6;7;0;0;0;2;3;2;
Chris Bosh;C;37:18;6;14;1;3;5;6;1;7;8;6;1;1;3;2;18;
Mike Miller;G;30:26;9;15;7;11;1;2;2;3;5;4;0;0;2;1;26;
Mario Chalmers;G;27:04;1;4;0;2;4;4;1;0;1;7;3;0;3;3;6;
Chris Andersen;;18:34;3;5;0;0;2;2;3;5;8;1;0;1;0;2;8;
Shane Battier;;27:34;2;5;0;3;0;0;0;4;4;0;0;2;1;3;4;
Norris Cole;;20:56;3;6;2;2;0;0;1;0;1;5;1;0;4;0;8;
James Jones;;21:08;1;6;1;6;0;1;0;1;1;1;0;0;0;2;3;
Joel Anthony;;6:44;0;0;0;0;0;0;0;1;1;0;0;3;2;0;0;
CHA
Michael Kidd-Gilchrist;F;37:45;7;17;0;0;4;4;4;10;14;1;1;1;1;3;18;
Josh McRoberts;F;37:26;4;12;0;0;0;0;7;4;11;3;1;2;1;2;8;
Bismack Biyombo;C;25:20;2;7;0;0;0;0;4;4;8;0;0;1;1;1;4;
Gerald Henderson;G;36:56;2;16;0;3;7;8;1;2;3;3;2;0;4;0;11;
Kemba Walker;G;40:47;3;15;0;6;6;6;1;2;3;4;3;0;2;3;12;
Ben Gordon;;7:34;0;1;0;0;0;0;0;0;0;0;0;0;2;0;0;
Reggie Williams;;21:06;3;6;1;2;1;2;2;1;3;1;2;0;2;1;8;
Tyrus Thomas;;16:41;3;6;0;1;0;0;2;0;2;0;1;0;0;1;6;
Jannero Pargo;;10:54;3;6;1;3;2;2;2;0;2;1;1;0;0;0;9;
Jeff Taylor;;5:31;1;2;1;1;0;0;0;0;0;0;0;0;0;0;3;
