03-22;MIN-PHX;117-86;
31-18;36-21;28-30;22-17;
MIN
Andrei Kirilenko;F;25:01;6;10;0;2;8;10;1;6;7;1;0;1;1;1;20;
Derrick Williams;F;14:22;0;2;0;1;4;4;0;6;6;1;0;0;1;0;4;
Nikola Pekovic;C;13:45;5;7;0;0;1;4;1;1;2;0;1;0;0;5;11;
Luke Ridnour;G;29:59;4;8;0;1;4;4;0;2;2;7;0;0;1;2;12;
Ricky Rubio;G;29:04;3;7;0;0;6;7;2;4;6;8;5;0;4;3;12;
Greg Stiemsma;;34:15;6;10;0;0;2;3;3;7;10;1;0;3;3;5;14;
Chase Budinger;;16:23;4;9;1;3;2;4;0;2;2;0;1;0;0;1;11;
Jose Juan Barea;;23:25;2;7;1;3;0;0;0;1;1;4;0;0;3;0;5;
Alexey Shved;;13:32;2;4;0;1;2;2;0;2;2;5;1;0;1;0;6;
Dante Cunningham;;30:01;8;11;0;0;2;2;2;6;8;1;2;0;0;0;18;
Mickael Gelabale;;6:36;1;3;0;1;0;0;1;3;4;0;0;0;0;1;2;
Chris Johnson;;3:37;1;1;0;0;0;0;0;0;0;0;0;0;0;0;2;
PHX
PJ Tucker;F;30:53;5;11;0;1;1;2;3;3;6;1;2;0;0;3;11;
Markieff Morris;F;20:44;3;6;1;2;0;0;2;2;4;0;1;0;0;3;7;
Luis Scola;C;27:13;7;13;0;0;3;4;4;8;12;2;1;0;1;5;17;
Wesley Johnson;G;22:07;2;12;0;3;3;3;0;1;1;4;1;0;3;1;7;
Goran Dragic;G;33:23;5;12;1;3;2;4;1;3;4;10;1;0;4;3;13;
Hamed Haddadi;;15:59;3;4;0;0;0;2;3;5;8;1;0;0;3;4;6;
Michael Beasley;;17:59;5;9;1;3;0;0;0;5;5;0;0;1;1;1;11;
Marcus Morris;;21:48;1;9;0;5;1;6;2;1;3;1;0;0;2;4;3;
Shannon Brown;;21:13;2;8;0;0;0;0;1;1;2;1;1;1;1;3;4;
Kendall Marshall;;18:25;1;5;1;3;0;0;0;2;2;4;2;0;0;1;3;
Diante Garrett;;10:16;2;6;0;2;0;0;1;0;1;0;0;0;1;1;4;
