03-20;MIA-CLE;98-95;
24-32;10-23;34-22;30-18;
MIA
LeBron James;F;42:19;8;22;3;7;6;8;7;5;12;10;3;2;4;1;25;
Udonis Haslem;F;13:23;2;3;0;0;2;2;1;1;2;0;0;0;1;2;6;
Chris Bosh;C;35:38;5;10;0;2;1;2;3;4;7;3;1;2;1;3;11;
Dwyane Wade;G;38:14;4;11;0;1;3;4;0;6;6;5;0;0;2;3;11;
Mario Chalmers;G;34:08;5;8;3;6;4;5;0;0;0;2;0;0;4;4;17;
Shane Battier;;25:47;4;8;3;7;0;0;0;0;0;0;0;1;0;1;11;
Ray Allen;;28:25;3;7;3;6;1;1;0;3;3;1;5;0;1;3;10;
Chris Andersen;;14:54;1;2;0;0;5;8;0;4;4;0;0;1;0;2;7;
Norris Cole;;7:12;0;1;0;0;0;0;0;0;0;0;0;0;0;1;0;
CLE
Alonzo Gee;F;32:06;4;9;1;3;1;2;0;3;3;0;0;0;0;3;10;
Tristan Thompson;F;36:50;8;15;0;0;2;4;4;4;8;2;3;0;2;2;18;
Tyler Zeller;C;23:10;4;6;0;0;4;4;4;7;11;0;1;1;1;4;12;
Wayne Ellington;G;41:16;7;17;3;7;3;3;2;5;7;4;1;0;4;4;20;
Shaun Livingston;G;36:30;6;11;0;0;2;2;0;3;3;6;2;0;2;4;14;
Marreese Speights;;11:23;2;5;0;0;0;0;1;3;4;0;0;1;1;2;4;
Daniel Gibson;;14:12;2;4;1;3;0;0;0;0;0;0;0;0;2;1;5;
Luke Walton;;16:26;1;3;0;1;0;0;2;0;2;2;1;0;2;4;2;
CJ Miles;;24:00;3;10;2;6;2;2;2;1;3;5;0;0;0;1;10;
Omri Casspi;;4:07;0;1;0;1;0;0;0;1;1;1;0;0;2;0;0;
