04-14;DAL-NOH;107-89;
33-19;29-21;19-27;26-22;
DAL
Shawn Marion;F;31:13;10;16;0;1;1;1;2;5;7;6;2;1;0;1;21;
Dirk Nowitzki;F;26:32;7;14;1;2;4;4;0;6;6;1;0;2;0;2;19;
Chris Kaman;C;21:49;5;7;0;0;1;1;3;4;7;1;2;0;2;2;11;
O.J. Mayo;G;34:37;3;6;2;3;0;0;0;2;2;4;1;0;1;0;8;
Mike James;G;18:35;2;6;0;3;0;0;0;2;2;3;0;0;1;1;4;
Brandan Wright;;23:28;8;13;0;0;0;0;3;1;4;1;0;1;0;1;16;
Vince Carter;;27:42;5;10;4;7;2;2;1;6;7;5;0;2;2;2;16;
Darren Collison;;29:25;4;9;1;2;0;0;0;6;6;2;0;0;1;1;9;
Jae Crowder;;18:30;0;1;0;1;0;0;0;0;0;4;0;0;0;3;0;
Bernard James;;2:43;0;0;0;0;0;0;0;0;0;0;1;0;1;2;0;
Anthony Morrow;;2:43;0;1;0;0;0;0;0;0;0;0;0;0;0;0;0;
Josh Akognon;;2:43;1;3;1;2;0;0;0;0;0;0;0;0;0;1;3;
NOH
Al-Farouq Aminu;F;25:36;4;6;0;1;2;4;2;6;8;2;1;0;3;2;10;
Ryan Anderson;F;40:47;8;20;4;7;0;0;8;4;12;1;0;1;1;1;20;
Robin Lopez;C;32:12;4;10;0;0;2;2;5;8;13;2;0;1;1;1;10;
Eric Gordon;G;33:12;7;17;1;5;0;0;1;1;2;4;0;0;3;0;15;
Greivis Vasquez;G;36:11;5;16;1;4;0;0;1;2;3;4;0;0;1;0;11;
Lou Amundson;;15:48;0;2;0;0;2;2;2;1;3;1;1;0;0;3;2;
Brian Roberts;;26:39;5;8;3;4;0;0;1;3;4;6;1;0;0;2;13;
Xavier Henry;;19:38;0;6;0;0;8;10;0;1;1;0;1;0;1;3;8;
Roger Mason Jr.;;7:30;0;2;0;1;0;0;0;1;1;1;0;0;0;0;0;
Darius Miller;;2:27;0;0;0;0;0;0;0;0;0;1;0;0;0;0;0;
