04-14;IND-NYK;80-90;
15-23;25-24;20-22;20-21;
IND
Paul George;F;39:54;3;12;1;8;2;3;2;5;7;11;2;0;4;3;9;
David West;F;33:40;5;9;0;1;7;8;2;6;8;1;1;0;4;2;17;
Roy Hibbert;C;28:26;2;5;0;0;0;0;5;5;10;0;0;3;5;5;4;
George Hill;G;34:49;2;8;2;6;0;2;0;3;3;5;1;0;1;1;6;
Lance Stephenson;G;34:30;8;16;4;9;2;3;0;4;4;1;2;0;4;2;22;
Sam Young;;13:18;2;4;0;1;2;4;1;0;1;0;0;0;0;4;6;
Tyler Hansbrough;;15:34;0;1;0;0;1;4;1;3;4;0;0;0;5;2;1;
Orlando Johnson;;8:18;1;3;1;2;0;0;0;2;2;0;0;0;0;0;3;
D.J. Augustin;;12:00;0;1;0;1;0;0;1;1;2;1;0;0;2;0;0;
Jeff Ayres;;17:09;5;6;0;0;2;2;1;3;4;1;0;0;1;0;12;
Ben Hansbrough;;1:11;0;0;0;0;0;0;0;0;0;0;0;0;0;0;0;
Gerald Green;;1:11;0;0;0;0;0;0;0;0;0;0;0;0;0;0;0;
NYK
Carmelo Anthony;F;30:13;9;23;2;7;5;6;1;4;5;1;1;0;1;3;25;
Iman Shumpert;F;24:53;3;8;2;4;2;2;1;4;5;2;0;0;0;4;10;
Solomon Jones;C;13:45;0;1;0;0;0;0;1;1;2;0;0;1;1;2;0;
Raymond Felton;G;32:54;5;9;1;1;0;0;1;1;2;3;2;0;3;2;11;
Pablo Prigioni;G;24:05;1;1;1;1;0;0;1;2;3;2;1;0;1;2;3;
J.R. Smith;;29:38;7;16;1;3;0;1;2;6;8;2;2;1;2;4;15;
Jason Kidd;;30:01;0;4;0;4;0;0;1;3;4;5;4;0;0;3;0;
Chris Copeland;;34:15;8;12;2;4;2;2;0;3;3;0;1;0;2;2;20;
Steve Novak;;17:38;2;7;2;6;0;0;0;0;0;0;0;0;1;2;6;
James White;;2:38;0;1;0;1;0;0;0;0;0;0;0;0;0;0;0;
