04-15;MIA-CLE;96-95;
18-22;31-30;31-19;16-24;
MIA
Juwan Howard;F;19:20;3;7;0;0;1;1;0;2;2;2;0;0;1;3;7;
Rashard Lewis;F;32:23;5;13;3;7;6;9;1;2;3;0;1;1;1;1;19;
Joel Anthony;C;31:26;5;5;0;0;1;3;4;5;9;0;0;2;2;3;11;
Mike Miller;G;25:43;4;7;3;5;0;0;1;7;8;3;0;0;2;1;11;
Norris Cole;G;42:37;6;12;2;2;2;4;1;10;11;9;1;1;4;2;16;
Ray Allen;;28:40;3;11;2;7;3;3;0;1;1;6;0;0;4;2;11;
James Jones;;28:31;5;9;2;6;2;3;0;4;4;3;0;2;1;1;14;
Jarvis Varnado;;14:46;0;0;0;0;0;0;1;3;4;0;0;0;2;4;0;
Chris Andersen;;16:34;2;2;1;1;2;4;2;1;3;2;0;2;0;2;7;
CLE
Alonzo Gee;F;26:51;5;9;1;1;2;2;0;6;6;0;3;0;0;5;13;
Tristan Thompson;F;36:19;7;14;0;0;2;4;8;5;13;0;0;2;1;3;16;
Tyler Zeller;C;20:29;4;8;0;0;0;0;2;0;2;0;0;0;0;4;8;
Wayne Ellington;G;21:18;2;6;2;4;0;0;1;1;2;1;0;0;0;0;6;
Kyrie Irving;G;36:11;7;19;1;5;1;2;0;3;3;8;2;1;3;1;16;
Shaun Livingston;;30:55;2;3;0;0;0;0;0;3;3;7;0;0;0;4;4;
Dion Waiters;;26:35;7;14;1;3;1;1;0;3;3;4;1;2;0;1;16;
Marreese Speights;;17:03;2;7;0;0;2;2;1;1;2;0;0;0;1;1;6;
Omri Casspi;;10:49;0;0;0;0;0;2;0;1;1;0;1;0;0;2;0;
Kevin Jones;;13:30;3;6;0;0;4;6;1;2;3;0;1;0;0;1;10;
