04-15;HOU-PHX;112-119;
28-39;33-28;22-23;29-29;
HOU
Chandler Parsons;F;40:22;8;13;2;4;6;7;0;4;4;7;0;1;3;2;24;
Greg Smith;F;14:24;2;6;0;0;0;0;3;0;3;0;1;0;2;4;4;
Omer Asik;C;14:08;3;4;0;0;0;0;1;6;7;1;1;0;1;2;6;
James Harden;G;34:13;5;18;0;7;6;11;0;4;4;2;1;0;4;1;16;
Jeremy Lin;G;36:03;8;19;2;6;2;4;0;3;3;4;0;1;2;4;20;
Terrence Jones;;28:59;6;11;0;1;0;0;1;3;4;1;0;6;1;3;12;
Donatas Motiejunas;;2:46;0;1;0;0;0;0;1;1;2;0;0;0;1;0;0;
Patrick Beverley;;17:19;2;4;1;2;0;0;2;1;3;0;0;1;0;2;5;
Carlos Delfino;;31:06;8;15;6;9;1;1;0;8;8;2;2;1;1;3;23;
Francisco Garcia;;15:41;0;0;0;0;0;0;0;4;4;3;0;1;1;0;0;
James Anderson;;5:00;1;1;0;0;0;0;0;1;1;1;0;0;0;0;2;
PHX
PJ Tucker;F;38:44;8;13;1;3;4;4;4;1;5;2;1;0;1;1;21;
Markieff Morris;F;35:34;8;15;2;3;2;2;2;5;7;1;5;6;1;3;20;
Luis Scola;C;26:51;11;16;0;0;4;5;2;13;15;4;0;0;3;4;26;
Wesley Johnson;G;30:48;5;12;1;5;1;2;0;7;7;1;0;2;2;1;12;
Goran Dragic;G;35:45;7;17;2;4;5;6;3;2;5;14;3;0;3;2;21;
Marcus Morris;;12:33;2;5;0;1;0;2;0;2;2;1;0;0;0;4;4;
Kendall Marshall;;27:47;3;8;0;2;2;2;0;2;2;4;1;1;1;2;8;
Jared Dudley;;28:09;3;7;1;4;0;0;0;1;1;2;1;0;0;2;7;
Michael Beasley;;3:49;0;2;0;1;0;0;0;0;0;0;0;0;0;0;0;
