03-25;LAL-GSW;103-109;
16-28;24-35;36-31;27-15;
LAL
Metta World Peace;F;18:56;2;3;0;0;3;4;0;0;0;1;2;0;1;1;7;
Pau Gasol;F;22:36;3;8;0;0;1;4;3;5;8;2;0;0;1;1;7;
Dwight Howard;C;36:53;4;8;0;0;3;6;2;13;15;0;1;1;4;5;11;
Kobe Bryant;G;41:54;11;27;2;10;12;16;1;7;8;3;0;0;0;1;36;
Steve Nash;G;37:01;9;19;1;3;2;2;4;5;9;7;1;0;0;0;21;
Antawn Jamison;;14:39;1;5;0;1;3;3;1;0;1;1;0;0;0;1;5;
Jodie Meeks;;24:22;5;14;2;7;1;1;2;3;5;2;2;0;0;3;13;
Steve Blake;;33:46;1;5;1;4;0;0;1;2;3;1;0;0;2;2;3;
Earl Clark;;9:53;0;2;0;1;0;0;1;1;2;0;0;1;1;1;0;
GSW
Harrison Barnes;F;28:59;3;8;1;2;3;3;1;4;5;0;1;0;1;3;10;
David Lee;F;37:37;9;15;0;0;5;5;3;9;12;2;0;0;4;3;23;
Andrew Bogut;C;29:55;2;3;0;0;0;2;4;5;9;4;0;2;1;5;4;
Klay Thompson;G;41:20;8;18;6;11;0;0;0;4;4;3;2;1;1;4;22;
Stephen Curry;G;43:00;9;24;3;9;4;7;0;7;7;10;0;0;2;4;25;
Jarrett Jack;;33:53;9;16;0;1;1;2;0;3;3;3;0;0;2;5;19;
Festus Ezeli;;10:16;2;2;0;0;0;0;1;3;4;0;0;0;0;1;4;
Carl Landry;;14:33;1;4;0;0;0;0;0;4;4;0;0;1;0;2;2;
Draymond Green;;0:10;0;0;0;0;0;0;0;0;0;0;0;0;0;0;0;
Kent Bazemore;;0:18;0;0;0;0;0;0;0;0;0;0;0;0;0;0;0;
