03-27;MIL-PHI;92-100;
20-27;28-27;30-22;14-24;
MIL
Marquis Daniels;F;15:50;2;7;0;0;0;0;1;1;2;1;1;0;0;2;4;
Ersan Ilyasova;F;35:10;5;17;1;4;2;2;6;12;18;2;1;1;4;0;13;
Larry Sanders;C;32:47;6;13;0;0;3;4;4;5;9;1;2;0;4;0;15;
Monta Ellis;G;41:32;12;21;2;9;3;3;0;0;0;7;2;1;4;2;29;
Brandon Jennings;G;17:16;0;3;0;2;0;0;0;0;0;3;1;0;0;2;0;
Samuel Dalembert;;15:13;3;4;0;0;1;1;1;3;4;0;0;0;0;0;7;
Mike Dunleavy;;26:38;4;7;1;2;0;0;0;4;4;1;1;1;1;2;9;
JJ Redick;;34:58;2;12;1;6;3;3;1;2;3;2;1;0;0;1;8;
Ekpe Udoh;;7:03;0;2;0;0;0;0;0;1;1;1;0;0;0;0;0;
Luc Mbah a Moute;;13:33;3;3;1;1;0;0;1;2;3;0;0;0;1;0;7;
PHI
Evan Turner;F;38:28;6;11;1;2;0;0;0;7;7;4;0;0;2;1;13;
Thaddeus Young;F;37:13;7;12;0;0;0;0;4;3;7;2;2;2;2;2;14;
Spencer Hawes;C;35:06;7;14;1;1;0;0;5;12;17;4;0;0;0;2;15;
Damien Wilkins;G;26:07;7;15;1;3;3;4;3;2;5;4;2;0;3;2;18;
Jrue Holiday;G;37:08;6;17;2;3;4;4;2;2;4;6;0;0;6;4;18;
Dorell Wright;;27:31;5;13;3;7;1;1;0;2;2;5;1;0;0;0;14;
Lavoy Allen;;16:11;1;2;0;0;0;0;0;1;1;2;0;1;2;2;2;
Royal Ivey;;15:49;1;2;0;0;0;0;0;2;2;1;0;0;0;1;2;
Arnett Moultrie;;6:27;2;3;0;0;0;0;0;3;3;0;0;0;0;0;4;
