04-10;MIN-LAC;95-111;
20-26;26-32;26-30;23-23;
MIN
Andrei Kirilenko;F;30:00;3;10;0;2;2;4;3;4;7;3;1;2;1;1;8;
Derrick Williams;F;36:00;3;12;1;4;6;6;4;6;10;1;3;1;1;1;13;
Nikola Pekovic;C;25:20;7;13;0;0;6;7;3;2;5;0;0;0;1;1;20;
Luke Ridnour;G;26:44;4;9;1;2;2;2;0;0;0;3;1;0;0;3;11;
Ricky Rubio;G;23:17;2;8;0;1;2;2;0;2;2;7;1;0;1;3;6;
Alexey Shved;;23:42;5;10;1;3;1;1;0;1;1;3;2;0;0;0;12;
Chase Budinger;;26:59;3;10;1;5;0;0;0;1;1;2;0;1;1;1;7;
Greg Stiemsma;;22:40;2;4;0;0;0;0;1;7;8;1;3;0;1;2;4;
Jose Juan Barea;;19:16;5;12;2;6;0;0;1;2;3;2;0;0;3;2;12;
Mickael Gelabale;;3:01;1;1;0;0;0;0;1;0;1;1;0;0;0;0;2;
Chris Johnson;;3:01;0;1;0;0;0;0;0;0;0;0;1;0;0;0;0;
LAC
Caron Butler;F;24:18;4;7;2;4;0;0;0;3;3;4;0;0;2;3;10;
Blake Griffin;F;29:44;9;13;0;0;1;3;4;4;8;7;1;0;5;2;19;
DeAndre Jordan;C;24:42;5;6;0;0;0;0;1;3;4;0;0;5;1;2;10;
Willie Green;G;19:21;5;8;3;3;2;2;0;3;3;2;0;0;1;2;15;
Chris Paul;G;30:52;7;11;2;2;3;3;1;6;7;11;4;2;1;3;19;
Jamal Crawford;;28:39;4;12;3;8;0;0;0;1;1;1;2;0;3;1;11;
Matt Barnes;;20:57;6;9;0;2;2;2;1;6;7;2;1;0;1;1;14;
Ryan Hollins;;20:26;1;3;0;0;4;4;0;0;0;0;0;1;2;2;6;
Lamar Odom;;18:23;1;2;0;0;0;2;3;10;13;4;0;2;1;2;2;
Eric Bledsoe;;17:08;1;4;1;1;0;0;0;1;1;3;0;1;1;1;3;
Ronny Turiaf;;2:45;0;0;0;0;0;0;0;0;0;0;0;0;2;0;0;
Maalik Wayns;;2:45;1;2;0;1;0;0;0;1;1;0;0;0;0;0;2;
