04-05;NOH-UTA;83-95;
24-17;19-28;24-26;16-24;
NOH
Al-Farouq Aminu;F;33:15;4;11;0;1;0;0;1;2;3;1;4;0;2;2;8;
Anthony Davis;F;30:52;10;16;0;0;4;5;4;8;12;0;0;3;0;1;24;
Robin Lopez;C;35:18;5;9;0;0;2;2;2;5;7;1;1;1;0;0;12;
Eric Gordon;G;17:44;2;3;1;2;2;2;0;1;1;2;0;0;3;1;7;
Greivis Vasquez;G;36:55;9;13;1;2;2;3;0;5;5;9;0;0;5;3;21;
Ryan Anderson;;23:05;0;10;0;4;4;4;3;3;6;0;0;1;3;2;4;
Xavier Henry;;17:29;0;5;0;0;3;4;1;1;2;0;1;0;1;0;3;
Brian Roberts;;16:03;1;6;0;1;0;0;0;1;1;0;0;0;2;4;2;
Darius Miller;;12:26;0;2;0;2;0;0;0;0;0;0;0;0;0;5;0;
Lou Amundson;;12:42;1;1;0;0;0;0;2;1;3;0;0;0;0;2;2;
Roger Mason Jr.;;4:11;0;1;0;0;0;0;0;0;0;0;1;0;0;0;0;
UTA
Gordon Hayward;F;31:27;9;18;5;10;0;2;0;2;2;1;1;0;0;2;23;
Paul Millsap;F;38:44;8;13;1;1;3;5;6;4;10;7;1;1;3;5;20;
Al Jefferson;C;30:42;7;11;0;0;0;0;1;4;5;1;3;0;1;1;14;
Randy Foye;G;26:07;3;9;2;7;0;0;0;1;1;4;0;0;1;1;8;
Mo Williams;G;29:20;3;8;0;2;2;2;0;2;2;4;0;0;3;4;8;
Derrick Favors;;26:34;5;8;0;0;0;0;1;9;10;0;1;6;2;4;10;
DeMarre Carroll;;25:42;2;5;1;2;1;2;1;2;3;3;3;0;1;3;6;
Alec Burks;;12:44;1;2;1;1;0;0;0;1;1;1;0;0;2;2;3;
Jamaal Tinsley;;18:40;1;3;1;3;0;0;0;1;1;7;1;1;3;3;3;
