03-22;DET-MIA;89-103;
28-22;26-29;14-22;21-30;
DET
Kyle Singler;F;36:36;8;14;2;5;0;0;5;3;8;1;1;1;2;3;18;
Jason Maxiell;F;18:39;2;6;0;0;2;4;1;5;6;1;0;1;2;3;6;
Greg Monroe;C;40:59;10;19;0;0;3;5;6;9;15;6;1;1;3;3;23;
Rodney Stuckey;G;40:45;4;15;1;5;2;2;3;2;5;3;2;0;4;2;11;
Jose Calderon;G;43:23;7;11;3;6;1;1;1;2;3;7;2;0;7;3;18;
Jonas Jerebko;;24:37;2;8;1;2;4;4;2;6;8;1;1;0;2;3;9;
Will Bynum;;13:30;1;5;0;0;0;0;0;1;1;1;1;0;1;1;2;
Kim English;;12:05;0;3;0;2;0;0;0;1;1;0;1;1;1;6;0;
Charlie Villanueva;;9:27;0;2;0;2;2;2;0;0;0;1;0;1;0;0;2;
MIA
LeBron James;F;39:53;12;15;1;1;4;6;1;7;8;8;2;1;3;1;29;
Udonis Haslem;F;17:54;2;3;0;0;0;0;2;5;7;0;1;0;1;2;4;
Chris Bosh;C;31:18;1;7;0;0;3;6;0;6;6;1;1;1;3;2;5;
Dwyane Wade;G;37:52;7;17;1;2;4;6;1;2;3;4;3;0;6;1;19;
Mario Chalmers;G;25:39;3;6;3;6;2;2;0;1;1;3;4;0;3;2;11;
Ray Allen;;18:17;1;3;0;0;0;0;0;1;1;0;0;0;0;0;2;
Shane Battier;;29:36;3;7;2;5;3;3;0;1;1;0;0;2;1;2;11;
Chris Andersen;;14:55;4;4;0;0;1;1;0;1;1;0;0;1;0;2;9;
Norris Cole;;22:21;4;5;0;0;2;2;0;3;3;4;4;0;1;2;10;
James Jones;;0:45;1;1;1;1;0;0;0;0;0;0;0;1;0;0;3;
Joel Anthony;;0:45;0;0;0;0;0;0;0;1;1;0;0;0;0;0;0;
Mike Miller;;0:45;0;0;0;0;0;0;0;1;1;1;0;0;0;0;0;
