03-29;ATL-BOS;107-118;
30-32;26-34;24-26;27-26;
ATL
Josh Smith;F;31:18;7;23;1;5;3;4;1;5;6;4;0;1;4;3;18;
Ivan Johnson;F;21:28;2;4;0;0;1;2;1;4;5;1;1;0;2;3;5;
Johan Petro;C;12:21;2;3;0;0;0;0;3;4;7;0;0;1;1;0;4;
DeShawn Stevenson;G;23:44;1;6;1;3;0;0;2;0;2;0;0;0;0;1;3;
Jeff Teague;G;26:03;7;13;0;0;3;4;0;2;2;7;2;0;1;2;17;
Anthony Tolliver;;28:11;4;7;4;7;2;2;1;6;7;2;0;0;2;1;14;
Dahntay Jones;;16:27;3;7;0;0;0;0;1;0;1;2;1;0;0;2;6;
Kyle Korver;;26:32;3;6;1;3;0;0;0;3;3;3;1;0;1;1;7;
Shelvin Mack;;27:17;5;9;1;2;1;2;0;3;3;9;1;0;2;2;12;
John Jenkins;;3:22;0;0;0;0;2;2;0;1;1;0;0;0;0;0;2;
Mike Scott;;23:17;6;10;0;0;7;8;1;2;3;0;0;0;0;0;19;
BOS
Jeff Green;F;37:44;11;20;3;5;2;3;1;3;4;4;2;1;1;2;27;
Brandon Bass;F;30:04;5;7;0;0;3;3;1;1;2;1;0;3;2;2;13;
Chris Wilcox;C;12:52;2;2;0;0;0;0;0;3;3;0;1;0;2;4;4;
Paul Pierce;G;38:23;8;18;2;8;2;3;0;10;10;10;1;1;1;3;20;
Avery Bradley;G;26:04;3;7;0;1;2;2;0;0;0;4;4;1;2;2;8;
Courtney Lee;;5:58;0;0;0;0;2;2;0;1;1;0;0;1;1;0;2;
Jason Terry;;31:09;7;10;5;7;5;6;0;1;1;1;0;0;1;1;24;
Jordan Crawford;;20:42;2;8;1;2;0;0;0;2;2;4;0;0;2;0;5;
Shavlik Randolph;;21:55;4;6;0;0;1;2;7;6;13;1;0;2;0;5;9;
Terrence Williams;;15:09;3;5;0;0;0;0;0;1;1;0;0;0;0;1;6;
