03-30;CHI-DAL;98-100;
23-24;33-29;19-22;23-25;
CHI
Luol Deng;F;41:26;10;17;4;7;1;2;3;4;7;2;1;0;2;0;25;
Carlos Boozer;F;36:37;11;16;0;0;3;7;3;8;11;2;1;1;2;4;25;
Nazr Mohammed;C;23:21;1;3;0;0;0;0;1;5;6;1;2;2;0;3;2;
Jimmy Butler;G;44:21;1;8;0;3;2;4;3;3;6;5;0;1;2;1;4;
Kirk Hinrich;G;35:04;3;9;1;2;3;3;0;3;3;6;1;0;2;1;10;
Taj Gibson;;19:34;3;7;0;0;1;2;0;3;3;2;0;0;1;2;7;
Nate Robinson;;31:40;9;16;7;7;0;0;1;2;3;6;1;0;2;2;25;
Daequan Cook;;7:57;0;4;0;2;0;0;0;0;0;0;0;0;1;1;0;
DAL
Shawn Marion;F;32:57;5;9;0;0;0;0;2;6;8;2;0;4;1;0;10;
Dirk Nowitzki;F;33:44;14;17;5;6;2;2;0;7;7;1;0;1;2;3;35;
Elton Brand;C;16:21;1;2;0;0;0;0;0;1;1;0;0;1;1;1;2;
O.J. Mayo;G;41:51;1;13;0;3;2;2;0;2;2;4;1;0;2;1;4;
Mike James;G;30:45;2;8;0;3;1;2;0;1;1;7;0;0;2;3;5;
Vince Carter;;31:58;6;14;1;5;4;6;0;5;5;4;1;1;1;4;17;
Darren Collison;;19:43;3;6;0;0;2;2;1;0;1;3;1;0;1;2;8;
Brandan Wright;;22:47;7;8;0;0;3;4;6;7;13;2;0;1;1;3;17;
Jae Crowder;;9:54;1;2;0;1;0;0;0;1;1;1;0;1;0;0;2;
