04-17;BOS-TOR;90-114;
30-31;19-28;21-37;20-18;
BOS
Jeff Green;F;17:10;4;7;1;1;0;0;1;5;6;2;0;0;3;2;9;
Brandon Bass;F;17:42;3;8;0;0;0;0;1;2;3;1;0;0;1;3;6;
Chris Wilcox;C;13:20;1;1;0;0;0;0;0;1;1;0;0;0;0;1;2;
Paul Pierce;G;14:21;5;7;1;2;0;1;0;1;1;1;1;0;0;1;11;
Avery Bradley;G;24:27;4;10;1;1;2;2;0;3;3;3;1;0;3;1;11;
Shavlik Randolph;;12:37;2;4;0;0;1;2;2;2;4;0;0;0;1;1;5;
Jordan Crawford;;36:14;6;14;2;6;2;2;2;4;6;5;1;0;2;2;16;
Courtney Lee;;30:29;3;10;2;5;0;0;1;4;5;1;1;1;1;4;8;
DJ White;;28:12;2;7;0;0;4;4;2;1;3;1;1;0;0;2;8;
Terrence Williams;;28:02;6;14;0;2;0;2;0;4;4;5;1;1;1;1;12;
Fab Melo;;17:26;1;2;0;0;0;0;0;2;2;0;1;0;1;4;2;
TOR
Rudy Gay;F;25:52;6;14;4;6;3;3;1;8;9;2;1;0;0;2;19;
Amir Johnson;F;22:54;2;4;1;1;1;2;0;2;2;2;1;2;0;1;6;
Jonas Valanciunas;C;28:38;6;10;0;0;6;8;3;4;7;0;0;3;4;2;18;
DeMar DeRozan;G;29:05;8;13;3;3;5;5;1;2;3;2;0;0;0;1;24;
Kyle Lowry;G;22:22;3;9;1;3;2;2;0;2;2;8;3;0;2;1;9;
John Lucas III;;25:38;3;7;1;3;0;0;0;1;1;4;0;0;0;0;7;
Alan Anderson;;18:55;5;10;2;5;4;4;1;3;4;2;0;0;0;1;16;
Quincy Acy;;25:26;2;4;0;0;0;2;0;6;6;1;0;0;1;2;4;
Landry Fields;;27:32;4;8;0;0;0;0;3;8;11;3;0;0;1;2;8;
Aaron Gray;;13:38;1;1;0;0;1;2;0;1;1;2;0;0;1;2;3;
