04-01;ORL-HOU;103-111;
14-32;29-33;31-25;29-21;
ORL
Maurice Harkless;F;41:59;10;18;2;4;6;7;4;2;6;1;1;0;2;3;28;
Tobias Harris;F;40:22;6;17;0;6;6;7;2;9;11;4;0;3;1;3;18;
Nikola Vucevic;C;35:21;5;19;0;0;2;2;4;9;13;2;0;2;0;4;12;
DeQuan Jones;G;23:19;1;5;0;0;0;0;0;2;2;0;3;2;1;1;2;
Beno Udrih;G;36:52;6;10;3;3;2;2;0;1;1;10;1;0;1;2;17;
E'Twaun Moore;;26:04;2;10;1;2;1;1;0;3;3;5;1;0;1;2;6;
Kyle O'Quinn;;12:20;5;7;0;0;0;0;4;4;8;0;0;0;1;3;10;
Doron Lamb;;11:48;0;1;0;0;0;0;0;0;0;0;0;0;1;1;0;
Andrew Nicholson;;11:55;4;6;0;0;2;2;0;4;4;0;0;2;1;3;10;
HOU
Francisco Garcia;F;25:25;5;6;4;5;0;0;0;2;2;5;0;3;0;1;14;
Greg Smith;F;20:41;5;8;0;0;2;2;1;3;4;1;0;1;0;5;12;
Omer Asik;C;27:50;11;13;0;0;0;0;5;13;18;2;0;0;3;3;22;
James Anderson;G;39:17;3;12;1;4;2;2;4;4;8;1;1;0;1;1;9;
Jeremy Lin;G;29:42;8;16;2;4;1;2;0;3;3;11;0;0;3;1;19;
Carlos Delfino;;27:09;4;15;1;10;3;4;3;3;6;2;0;0;0;2;12;
Donatas Motiejunas;;33:38;4;11;0;4;3;4;1;1;2;3;2;1;1;2;11;
Thomas Robinson;;13:51;2;9;0;0;3;8;4;4;8;0;1;0;1;2;7;
Patrick Beverley;;22:27;2;8;1;2;0;0;2;1;3;2;0;1;0;2;5;
