03-20;MIL-ATL;90-98;
18-18;25-30;16-29;31-21;
MIL
Marquis Daniels;F;19:31;3;8;0;2;0;0;1;3;4;0;0;0;1;5;6;
Samuel Dalembert;F;18:02;1;7;0;0;0;0;3;4;7;2;0;0;0;1;2;
Larry Sanders;C;35:11;9;19;0;0;1;2;6;8;14;2;1;4;0;1;19;
Monta Ellis;G;39:59;2;14;1;2;0;0;0;1;1;1;0;0;2;1;5;
Brandon Jennings;G;38:37;8;18;3;6;2;3;0;1;1;5;1;0;4;3;21;
Mike Dunleavy;;28:12;4;12;2;5;0;0;2;5;7;3;1;0;2;1;10;
Ekpe Udoh;;17:24;1;5;0;0;1;2;1;0;1;1;3;3;0;1;3;
JJ Redick;;29:33;6;10;2;4;4;4;0;3;3;6;1;0;0;3;18;
John Henson;;13:31;3;6;0;0;0;0;3;5;8;0;0;1;1;1;6;
ATL
Kyle Korver;F;35:10;3;8;3;6;0;0;0;7;7;2;0;1;1;2;9;
Josh Smith;F;42:24;5;14;0;1;2;2;3;13;16;6;1;1;6;2;12;
Al Horford;C;42:53;11;20;0;0;4;4;3;12;15;1;2;2;3;2;26;
Devin Harris;G;38:51;4;9;1;4;6;7;0;1;1;6;2;0;1;1;15;
Jeff Teague;G;44:50;11;19;4;5;1;2;0;1;1;11;1;1;4;3;27;
John Jenkins;;12:19;2;2;0;0;0;0;0;0;0;0;0;1;0;3;4;
DeShawn Stevenson;;6:17;0;2;0;2;1;2;0;0;0;0;0;0;0;1;1;
Ivan Johnson;;10:34;2;5;0;0;0;0;3;3;6;0;1;0;1;1;4;
Dahntay Jones;;3:00;0;0;0;0;0;0;0;1;1;0;0;0;0;0;0;
Anthony Tolliver;;3:42;0;0;0;0;0;0;0;0;0;0;0;0;0;0;0;
