03-31;CLE-NOH;92-112;
21-23;28-25;24-36;19-28;
CLE
Alonzo Gee;F;23:14;2;6;0;1;0;2;0;1;1;2;3;0;1;4;4;
Tristan Thompson;F;28:53;6;9;0;0;0;1;2;8;10;1;0;2;1;4;12;
Tyler Zeller;C;24:25;2;5;0;0;0;0;0;6;6;0;0;1;2;5;4;
Wayne Ellington;G;32:39;5;10;2;4;0;0;0;2;2;4;0;0;1;1;12;
Kyrie Irving;G;28:40;11;20;3;5;6;6;0;2;2;6;0;0;3;0;31;
Luke Walton;;17:52;1;4;1;1;0;0;0;2;2;3;2;1;2;2;3;
Shaun Livingston;;18:05;4;5;0;0;3;3;0;0;0;0;1;0;2;1;11;
CJ Miles;;18:59;1;9;1;4;0;0;1;0;1;1;0;0;1;2;3;
Daniel Gibson;;16:36;0;4;0;3;0;0;0;2;2;1;0;0;0;1;0;
Marreese Speights;;20:48;6;9;0;0;0;0;0;4;4;1;0;0;0;3;12;
Omri Casspi;;8:34;0;1;0;0;0;0;0;1;1;1;0;1;0;0;0;
Kevin Jones;;1:15;0;0;0;0;0;0;0;0;0;0;0;0;0;0;0;
NOH
Al-Farouq Aminu;F;19:21;1;2;0;0;2;2;0;5;5;0;0;0;0;0;4;
Anthony Davis;F;37:11;5;11;0;0;7;11;3;10;13;2;1;2;0;1;17;
Robin Lopez;C;15:49;1;5;0;0;1;2;4;0;4;0;0;2;2;3;3;
Eric Gordon;G;27:60;5;11;0;3;4;5;0;4;4;6;0;1;3;1;14;
Greivis Vasquez;G;35:23;10;14;2;2;3;4;0;2;2;9;3;0;3;4;25;
Ryan Anderson;;31:45;9;14;5;7;0;0;0;6;6;2;1;0;1;2;23;
Terrel Harris;;12:54;0;2;0;1;1;2;0;4;4;0;0;0;1;2;1;
Darius Miller;;23:25;3;7;2;4;0;0;0;2;2;1;0;0;1;2;8;
Brian Roberts;;24:58;5;7;3;4;2;3;0;1;1;3;2;0;1;1;15;
Lou Amundson;;10:23;1;1;0;0;0;0;2;2;4;0;0;0;2;3;2;
Xavier Henry;;0:27;0;0;0;0;0;0;0;0;0;0;0;0;0;0;0;
Lance Thomas;;0:27;0;0;0;0;0;0;0;0;0;0;0;0;0;0;0;
