03-29;WAS-ORL;92-97;
23-24;23-34;25-20;21-19;
WAS
Martell Webster;F;39:00;7;18;1;7;4;4;1;5;6;3;0;1;1;3;19;
Trevor Booker;F;25:11;3;7;0;0;1;2;2;5;7;1;0;0;1;0;7;
Emeka Okafor;C;30:08;3;5;0;0;3;4;4;9;13;1;0;1;2;1;9;
Garrett Temple;G;34:59;2;9;1;6;2;2;2;2;4;3;0;0;0;1;7;
John Wall;G;37:48;11;28;1;2;12;14;5;4;9;2;2;0;4;5;35;
Chris Singleton;;5:48;0;0;0;0;2;2;2;2;4;1;0;0;2;2;2;
Trevor Ariza;;24:52;2;6;1;4;0;0;1;6;7;2;1;0;1;2;5;
Kevin Seraphin;;17:52;2;5;0;0;0;0;1;2;3;1;1;0;2;2;4;
A.J. Price;;17:31;0;2;0;0;4;4;0;0;0;1;0;0;0;1;4;
Cartier Martin;;4:21;0;1;0;1;0;0;0;0;0;0;0;0;0;1;0;
Jan Vesely;;2:30;0;0;0;0;0;0;0;2;2;0;0;0;0;0;0;
ORL
Maurice Harkless;F;41:35;6;17;1;5;5;6;6;3;9;0;0;1;1;2;18;
Tobias Harris;F;45:05;11;21;2;3;6;7;2;9;11;0;3;3;1;2;30;
Kyle O'Quinn;C;22:00;2;4;0;0;0;0;3;1;4;4;0;2;1;3;4;
DeQuan Jones;G;20:34;1;4;0;0;0;0;0;0;0;0;0;0;1;4;2;
Jameer Nelson;G;8:19;1;3;0;2;0;0;0;3;3;3;0;0;1;0;2;
Beno Udrih;;30:56;2;8;1;2;5;6;1;3;4;9;1;0;1;3;10;
Andrew Nicholson;;27:45;6;12;0;0;2;2;1;4;5;1;1;0;1;4;14;
E'Twaun Moore;;30:41;7;13;1;3;0;1;0;4;4;5;2;1;1;3;15;
Doron Lamb;;13:05;1;4;0;0;0;0;0;1;1;1;0;0;1;0;2;
