04-12;NYK-CLE;101-91;
27-24;25-19;23-21;26-27;
NYK
Carmelo Anthony;F;29:36;12;24;2;5;5;8;7;7;14;2;2;0;3;1;31;
Iman Shumpert;F;35:31;3;11;0;4;2;2;3;8;11;3;1;1;1;2;8;
Chris Copeland;C;26:49;5;9;1;3;1;2;0;1;1;1;2;0;0;4;12;
Raymond Felton;G;24:08;3;7;1;2;0;0;0;4;4;3;0;1;1;3;7;
Pablo Prigioni;G;35:09;1;2;1;2;0;0;1;2;3;4;3;1;3;1;3;
J.R. Smith;;29:23;13;16;2;3;3;5;0;5;5;1;2;1;0;2;31;
Solomon Jones;;12:18;0;0;0;0;0;0;0;1;1;0;0;0;2;1;0;
Jason Kidd;;17:23;2;3;2;3;0;0;0;4;4;1;0;0;3;2;6;
Steve Novak;;25:12;1;7;1;6;0;0;0;1;1;0;1;1;0;3;3;
James White;;4:31;0;0;0;0;0;0;0;0;0;0;0;0;1;2;0;
CLE
Alonzo Gee;F;35:15;3;6;2;2;4;5;1;5;6;0;0;1;3;4;12;
Tristan Thompson;F;31:24;6;7;0;0;3;8;4;7;11;2;0;0;5;1;15;
Tyler Zeller;C;20:56;0;3;0;0;0;0;0;4;4;0;0;0;1;2;0;
Wayne Ellington;G;37:39;5;11;1;5;2;2;1;2;3;5;3;0;1;1;13;
Kyrie Irving;G;36:02;11;27;3;10;6;6;2;3;5;6;1;0;1;0;31;
Shaun Livingston;;28:43;2;5;0;0;0;0;2;3;5;0;1;0;0;1;4;
Omri Casspi;;21:45;4;10;0;4;1;1;1;5;6;2;2;1;0;3;9;
Marreese Speights;;8:53;0;3;0;0;0;0;2;1;3;1;0;0;2;3;0;
Kevin Jones;;15:56;3;6;0;0;1;2;3;0;3;1;0;0;1;0;7;
Chris Quinn;;3:27;0;1;0;1;0;0;0;0;0;0;0;0;0;1;0;
