03-23;SAC-DEN;95-101;
17-27;23-23;31-20;24-31;
SAC
John Salmons;F;36:14;7;12;4;8;0;0;0;3;3;2;0;1;1;3;18;
Jason Thompson;F;26:03;3;11;0;0;0;0;2;2;4;0;1;1;0;4;6;
DeMarcus Cousins;C;35:59;10;16;0;0;4;8;3;12;15;3;0;5;6;5;24;
Tyreke Evans;G;23:14;2;5;0;1;0;0;0;2;2;2;0;0;1;2;4;
Isaiah Thomas;G;32:48;3;12;2;8;2;3;1;0;1;9;1;0;2;4;10;
Marcus Thornton;;31:05;4;13;0;5;2;2;1;1;2;1;1;1;2;0;10;
Cole Aldrich;;11:10;1;1;0;0;0;2;1;3;4;1;0;1;0;2;2;
Travis Outlaw;;8:07;3;6;1;2;1;2;0;0;0;0;1;1;0;2;8;
Patrick Patterson;;20:08;3;4;1;1;0;0;2;2;4;2;1;0;1;4;7;
Jimmer Fredette;;10:20;3;5;0;2;0;0;0;1;1;1;0;0;0;0;6;
Toney Douglas;;4:52;0;1;0;1;0;0;0;0;0;3;0;0;1;0;0;
DEN
Danilo Gallinari;F;36:22;5;12;2;5;7;9;1;7;8;4;3;0;1;1;19;
Kenneth Faried;F;37:56;7;12;0;0;3;4;1;8;9;2;0;2;1;4;17;
Kosta Koufos;C;26:18;5;8;0;0;3;4;1;8;9;1;0;1;1;4;13;
Andre Iguodala;G;37:02;5;16;2;5;3;4;2;3;5;8;2;0;3;1;15;
Andre Miller;G;33:44;4;12;0;1;3;3;1;2;3;5;0;0;2;3;11;
Julyan Stone;;14:16;1;1;0;0;3;4;0;1;1;1;0;0;0;0;5;
JaVale McGee;;13:06;5;8;0;0;1;2;3;0;3;0;0;2;3;2;11;
Corey Brewer;;25:35;1;8;0;2;0;0;1;1;2;4;3;2;4;2;2;
Anthony Randolph;;15:41;4;8;0;1;0;2;3;3;6;0;0;0;0;2;8;
