04-17;GSW-POR;99-88;
24-17;26-19;16-27;33-25;
GSW
Harrison Barnes;F;30:11;3;10;0;1;2;2;2;8;10;3;0;0;1;1;8;
David Lee;F;31:48;9;12;0;0;2;3;0;10;10;1;3;0;1;2;20;
Andrew Bogut;C;17:17;1;8;0;0;0;0;3;5;8;3;0;2;2;2;2;
Klay Thompson;G;38:17;9;19;5;7;1;2;0;3;3;0;1;0;2;4;24;
Stephen Curry;G;31:41;5;16;4;11;1;1;1;1;2;5;3;0;1;2;15;
Festus Ezeli;;16:25;1;4;0;0;0;0;4;0;4;2;0;1;1;2;2;
Jarrett Jack;;34:26;6;10;0;1;2;3;1;4;5;6;0;0;1;1;14;
Carl Landry;;29:19;5;11;0;0;0;0;3;6;9;0;0;0;2;1;10;
Kent Bazemore;;3:51;0;2;0;1;0;0;0;0;0;1;0;0;0;1;0;
Richard Jefferson;;6:45;1;1;0;0;2;2;0;1;1;0;0;0;1;1;4;
POR
Victor Claver;F;34:21;0;4;0;2;0;0;0;3;3;3;0;0;1;1;0;
LaMarcus Aldridge;F;32:06;12;23;0;0;6;6;4;17;21;1;0;3;2;1;30;
JJ Hickson;C;22:06;1;3;0;0;0;0;1;3;4;0;1;0;2;1;2;
Will Barton;G;48:00;7;19;1;2;0;0;1;6;7;4;0;0;3;1;15;
Damian Lillard;G;37:36;7;13;2;5;5;6;0;1;1;3;1;0;2;2;21;
Meyers Leonard;;25:54;3;6;1;1;0;0;0;3;3;0;0;2;1;3;7;
Sasha Pavlovic;;13:39;2;6;2;2;0;0;0;1;1;0;0;0;0;0;6;
Eric Maynor;;10:24;0;1;0;0;0;0;0;0;0;6;0;0;1;1;0;
Joel Freeland;;15:54;3;7;0;0;1;2;0;2;2;1;0;0;2;3;7;
