04-05;PHI-ATL;101-90;
40-26;18-19;25-20;18-25;
PHI
Evan Turner;F;37:43;9;15;3;4;3;4;0;11;11;2;1;0;3;2;24;
Thaddeus Young;F;36:39;6;9;0;0;2;4;5;8;13;2;1;1;4;4;14;
Spencer Hawes;C;38:16;8;17;1;1;2;2;4;8;12;3;1;0;0;1;19;
Damien Wilkins;G;33:13;5;8;2;3;4;4;1;3;4;5;1;1;0;5;16;
Jrue Holiday;G;41:34;3;14;0;1;3;6;1;2;3;8;2;1;2;1;9;
Lavoy Allen;;12:43;1;2;0;0;2;2;0;0;0;1;0;1;0;1;4;
Justin Holiday;;6:49;2;6;0;1;0;0;0;2;2;1;0;0;0;3;4;
Arnett Moultrie;;6:05;0;0;0;0;0;0;0;0;0;0;0;0;0;1;0;
Nick Young;;13:41;2;7;2;4;2;2;0;1;1;1;1;0;1;0;8;
Royal Ivey;;13:17;1;2;1;2;0;0;0;2;2;1;1;0;1;1;3;
ATL
DeShawn Stevenson;F;21:40;1;2;0;0;0;0;1;1;2;3;0;0;1;2;2;
Josh Smith;F;34:35;8;13;2;3;1;4;0;6;6;4;0;2;2;3;19;
Al Horford;C;39:00;8;19;0;0;2;2;4;6;10;3;1;2;5;0;18;
Kyle Korver;G;31:24;3;7;1;4;4;5;0;4;4;1;2;0;2;2;11;
Jeff Teague;G;30:51;4;13;2;6;2;2;1;0;1;9;1;0;2;4;12;
Ivan Johnson;;26:20;6;10;0;0;5;8;0;8;8;0;0;0;0;2;17;
Dahntay Jones;;16:36;1;2;0;1;3;4;0;2;2;0;1;0;0;3;5;
Shelvin Mack;;17:09;3;5;0;1;0;2;0;1;1;2;0;0;0;3;6;
Anthony Tolliver;;20:08;0;2;0;2;0;0;0;7;7;1;0;0;0;0;0;
Mike Scott;;2:17;0;0;0;0;0;0;0;0;0;0;0;0;0;0;0;
