03-30;MEM-MIN;99-86;
23-30;22-20;20-17;34-19;
MEM
Tayshaun Prince;F;27:22;2;4;0;0;0;0;0;2;2;4;2;0;1;2;4;
Zach Randolph;F;28:47;5;11;0;0;4;4;0;7;7;1;1;0;0;3;14;
Marc Gasol;C;35:05;8;12;0;0;5;6;2;6;8;6;0;3;4;4;21;
Tony Allen;G;21:29;3;5;0;0;1;4;0;2;2;0;1;0;1;3;7;
Mike Conley;G;33:19;8;15;3;3;0;0;0;1;1;5;2;1;3;3;19;
Jerryd Bayless;;29:23;0;5;0;2;4;6;0;3;3;7;2;0;0;2;4;
Ed Davis;;14:25;0;2;0;0;3;4;1;3;4;0;0;0;0;3;3;
Quincy Pondexter;;18:46;3;6;1;2;0;0;0;1;1;1;0;0;0;5;7;
Darrell Arthur;;16:01;6;9;1;2;2;3;2;2;4;0;0;0;0;3;15;
Austin Daye;;13:27;2;4;1;1;0;0;0;3;3;1;1;1;0;0;5;
Tony Wroten;;0:58;0;0;0;0;0;0;0;0;0;0;0;0;0;0;0;
Jon Leuer;;0:58;0;0;0;0;0;0;0;0;0;0;0;0;0;0;0;
MIN
Andrei Kirilenko;F;28:20;1;3;0;1;3;6;0;4;4;1;0;0;2;1;5;
Derrick Williams;F;36:52;6;16;0;4;7;12;1;3;4;1;0;0;2;3;19;
Greg Stiemsma;C;40:04;5;7;0;0;2;2;3;4;7;1;2;2;2;3;12;
Luke Ridnour;G;32:48;3;7;1;3;0;0;0;4;4;4;0;0;3;3;7;
Ricky Rubio;G;39:34;6;12;1;2;10;12;3;7;10;9;1;0;5;5;23;
Chase Budinger;;19:37;1;6;0;2;0;0;0;1;1;1;0;0;1;2;2;
Dante Cunningham;;15:49;2;8;0;0;0;0;0;3;3;1;0;0;1;2;4;
Chris Johnson;;1:51;0;0;0;0;0;0;0;1;1;0;0;0;0;1;0;
Alexey Shved;;7:01;3;3;2;2;1;2;1;0;1;0;0;0;0;0;9;
Jose Juan Barea;;17:08;2;5;1;2;0;0;0;0;0;1;0;0;0;2;5;
Mickael Gelabale;;0:58;0;0;0;0;0;0;0;0;0;0;0;0;0;0;0;
