03-27;MIA-CHI;97-101;
22-32;24-23;22-14;29-32;
MIA
LeBron James;F;39:56;11;17;2;5;8;11;0;7;7;3;2;4;4;1;32;
Udonis Haslem;F;10:29;0;1;0;0;0;0;0;1;1;1;0;0;2;5;0;
Chris Bosh;C;35:26;8;17;1;2;4;5;2;2;4;1;1;4;2;0;21;
Dwyane Wade;G;37:44;7;13;0;0;4;7;2;5;7;2;4;1;3;3;18;
Mario Chalmers;G;29:20;4;10;1;5;0;0;0;3;3;4;1;0;0;3;9;
Shane Battier;;35:24;2;4;2;4;0;0;0;4;4;3;1;2;1;2;6;
Ray Allen;;28:01;3;8;1;4;0;0;0;2;2;0;1;1;0;0;7;
Chris Andersen;;12:34;2;5;0;0;0;0;2;1;3;0;0;0;0;2;4;
Norris Cole;;11:06;0;2;0;0;0;0;0;0;0;1;1;0;1;1;0;
CHI
Luol Deng;F;44:27;10;22;4;8;4;4;3;4;7;5;2;0;2;1;28;
Carlos Boozer;F;38:42;9;17;0;0;3;5;3;14;17;3;1;1;5;4;21;
Nazr Mohammed;C;15:53;3;4;0;0;0;0;2;1;3;0;2;0;0;0;6;
Jimmy Butler;G;43:23;6;10;2;4;3;5;1;3;4;4;2;0;5;3;17;
Kirk Hinrich;G;32:01;3;10;1;3;0;0;1;4;5;7;1;0;2;3;7;
Nate Robinson;;21:30;6;10;1;4;1;2;1;0;1;3;1;0;3;2;14;
Taj Gibson;;31:22;2;7;0;0;2;2;1;4;5;5;0;1;1;5;6;
Daequan Cook;;12:01;1;5;0;3;0;0;0;1;1;0;0;1;0;0;2;
Malcolm Thomas;;0:21;0;0;0;0;0;0;0;0;0;0;0;0;0;0;0;
Marquis Teague;;0:21;0;0;0;0;0;0;0;0;0;0;0;0;0;0;0;
