04-03;NOH-GSW;88-98;
28-19;14-32;28-23;18-24;
NOH
Al-Farouq Aminu;F;32:06;7;8;0;0;0;0;0;5;5;4;3;1;2;2;14;
Anthony Davis;F;31:34;2;11;0;0;2;2;3;6;9;0;1;1;1;5;6;
Robin Lopez;C;33:60;7;11;0;0;3;4;3;4;7;1;0;1;4;2;17;
Eric Gordon;G;33:06;5;17;1;3;10;11;0;5;5;3;2;0;0;2;21;
Greivis Vasquez;G;36:42;6;14;1;3;2;2;0;1;1;9;1;0;2;1;15;
Brian Roberts;;20:53;3;8;0;3;0;0;0;1;1;2;0;0;1;3;6;
Ryan Anderson;;20:09;1;8;1;4;0;0;1;4;5;2;1;0;0;1;3;
Lou Amundson;;8:45;0;1;0;0;0;0;2;0;2;0;0;1;0;3;0;
Darius Miller;;14:18;2;4;1;2;0;0;0;3;3;0;0;0;0;2;5;
Terrel Harris;;6:55;0;1;0;0;0;0;0;0;0;0;0;0;2;2;0;
Xavier Henry;;1:32;0;0;0;0;1;4;0;1;1;0;0;0;0;0;1;
GSW
Harrison Barnes;F;19:23;3;9;1;3;3;4;1;2;3;0;0;0;2;0;10;
David Lee;F;37:51;9;15;0;0;5;6;3;13;16;4;1;1;3;3;23;
Andrew Bogut;C;26:25;2;6;0;0;0;0;2;7;9;0;1;2;1;3;4;
Klay Thompson;G;35:56;4;11;0;2;0;0;1;1;2;2;1;1;1;4;8;
Stephen Curry;G;35:57;6;14;4;10;4;4;0;3;3;9;1;0;2;5;20;
Jarrett Jack;;35:58;8;11;1;1;2;2;1;2;3;8;0;0;2;2;19;
Festus Ezeli;;10:09;0;0;0;0;2;2;3;1;4;1;0;2;0;2;2;
Carl Landry;;18:55;3;7;0;0;2;2;0;4;4;0;0;1;1;0;8;
Draymond Green;;16:20;1;3;1;2;1;2;0;3;3;1;1;1;1;1;4;
Kent Bazemore;;1:34;0;2;0;1;0;0;0;0;0;0;0;0;0;1;0;
Richard Jefferson;;1:32;0;0;0;0;0;0;0;0;0;0;0;0;0;0;0;
