03-22;WAS-LAL;103-100;
19-35;22-22;31-17;31-26;
WAS
Martell Webster;F;30:46;5;12;2;7;1;2;0;3;3;2;1;0;0;3;13;
Nene;F;32:32;7;15;0;0;1;2;1;4;5;2;1;2;1;2;15;
Jason Collins;C;13:18;1;1;0;0;0;0;0;2;2;0;0;0;0;4;2;
Garrett Temple;G;36:17;4;8;2;3;0;0;1;5;6;2;2;1;0;3;10;
John Wall;G;44:15;9;19;0;1;6;8;1;5;6;16;3;0;1;2;24;
Kevin Seraphin;;29:28;4;9;0;0;4;4;0;5;5;1;0;2;2;1;12;
Trevor Ariza;;29:32;9;15;7;12;0;0;0;4;4;4;1;0;2;3;25;
Trevor Booker;;17:52;1;4;0;0;0;0;2;3;5;0;0;0;1;0;2;
Cartier Martin;;6:00;0;4;0;3;0;0;1;2;3;1;0;0;2;0;0;
LAL
Metta World Peace;F;39:24;3;6;3;6;0;0;1;3;4;2;0;1;2;4;9;
Pau Gasol;F;20:27;2;10;0;0;0;0;2;6;8;1;0;0;2;0;4;
Dwight Howard;C;37:44;8;9;0;0;4;5;2;13;15;3;0;1;3;4;20;
Kobe Bryant;G;37:53;8;18;1;2;4;7;1;3;4;11;2;0;6;3;21;
Steve Nash;G;34:46;4;10;1;3;0;0;0;3;3;6;0;0;1;1;9;
Antawn Jamison;;18:08;5;9;1;2;0;2;3;4;7;0;0;1;0;2;11;
Steve Blake;;20:09;2;6;1;3;0;0;0;5;5;3;0;0;2;0;5;
Jodie Meeks;;24:08;5;8;3;5;3;3;0;1;1;0;1;0;0;1;16;
Earl Clark;;7:21;2;5;1;2;0;0;0;1;1;1;2;0;1;0;5;
