04-03;DEN-UTA;113-96;
28-23;28-28;25-17;32-28;
DEN
Danilo Gallinari;F;32:41;6;10;2;4;7;8;2;2;4;3;0;0;3;1;21;
Kenneth Faried;F;25:41;8;10;0;0;3;5;3;5;8;0;0;2;2;2;19;
Kosta Koufos;C;23:37;1;2;0;0;0;0;2;11;13;0;0;1;0;2;2;
Andre Iguodala;G;31:32;4;10;1;4;1;4;0;0;0;6;2;1;3;2;10;
Andre Miller;G;26:32;6;12;1;1;0;0;0;2;2;6;1;0;0;2;13;
Corey Brewer;;27:33;4;7;1;3;5;6;0;3;3;2;1;0;1;2;14;
JaVale McGee;;18:29;1;3;0;0;0;0;1;2;3;0;0;2;2;1;2;
Wilson Chandler;;25:27;4;10;1;4;1;2;0;4;4;3;0;2;0;3;10;
Evan Fournier;;21:28;7;9;1;2;3;3;0;2;2;2;3;0;1;3;18;
Anthony Randolph;;2:44;0;0;0;0;4;4;0;1;1;0;0;0;1;0;4;
Timofey Mozgov;;2:14;0;0;0;0;0;0;0;2;2;0;0;0;0;1;0;
Quincy Miller;;1:01;0;0;0;0;0;0;0;0;0;0;0;0;1;0;0;
Jordan Hamilton;;1:01;0;0;0;0;0;0;0;0;0;0;0;0;0;0;0;
UTA
Gordon Hayward;F;30:33;7;13;3;6;1;2;0;1;1;2;1;0;0;3;18;
Paul Millsap;F;31:02;6;12;0;0;4;4;1;2;3;2;0;0;1;0;16;
Al Jefferson;C;36:12;7;11;0;0;2;4;1;8;9;3;1;1;1;3;16;
Randy Foye;G;26:51;2;9;2;8;1;2;0;2;2;1;1;0;1;3;7;
Mo Williams;G;32:21;2;12;0;3;0;0;2;3;5;7;1;0;1;1;4;
Derrick Favors;;28:05;3;8;0;0;2;2;1;5;6;1;0;1;1;3;8;
Marvin Williams;;22:13;5;7;0;1;0;0;2;0;2;3;0;1;2;3;10;
Alec Burks;;18:19;3;6;0;0;2;4;0;2;2;2;2;1;0;2;8;
Jamaal Tinsley;;5:09;2;3;1;2;0;0;0;1;1;1;0;0;2;0;5;
Earl Watson;;3:05;0;0;0;0;0;0;0;0;0;2;0;0;0;0;0;
DeMarre Carroll;;3:05;1;2;0;0;0;0;0;1;1;0;0;0;0;1;2;
Jeremy Evans;;3:05;1;1;0;0;0;0;1;0;1;1;1;0;0;2;2;
