04-04;DAL-DEN;94-95;
23-19;24-28;30-23;17-25;
DAL
Shawn Marion;F;28:26;5;11;0;1;0;0;2;4;6;2;2;0;1;3;10;
Dirk Nowitzki;F;35:00;6;10;1;3;0;0;0;6;6;0;1;3;3;0;13;
Chris Kaman;C;24:04;6;11;0;0;1;2;3;6;9;2;0;1;1;3;13;
O.J. Mayo;G;23:05;2;6;0;2;0;0;0;1;1;6;1;0;1;6;4;
Mike James;G;24:58;3;7;0;2;0;0;0;4;4;5;0;1;3;3;6;
Vince Carter;;25:50;5;14;1;5;0;0;2;4;6;6;1;0;0;3;11;
Brandan Wright;;23:35;6;13;0;0;4;5;1;5;6;0;1;1;0;1;16;
Darren Collison;;29:58;4;9;0;2;3;3;1;2;3;5;0;1;1;1;11;
Jae Crowder;;12:22;1;2;1;1;0;0;0;0;0;0;0;0;0;2;3;
Anthony Morrow;;12:42;3;5;1;2;0;0;0;0;0;0;0;0;0;2;7;
DEN
Danilo Gallinari;F;16:05;3;7;0;3;3;6;0;1;1;1;0;0;1;1;9;
Kenneth Faried;F;37:53;4;11;0;0;4;8;8;11;19;1;2;4;0;3;12;
Kosta Koufos;C;21:02;2;8;0;0;0;0;3;2;5;0;1;0;0;1;4;
Andre Iguodala;G;40:31;3;13;1;3;1;2;3;6;9;8;1;0;3;0;8;
Andre Miller;G;32:50;9;15;1;2;3;5;1;2;3;7;1;0;1;2;22;
Wilson Chandler;;20:45;3;6;2;2;0;0;1;4;5;0;0;0;2;5;8;
JaVale McGee;;14:49;2;5;0;0;0;0;1;3;4;1;0;1;0;1;4;
Corey Brewer;;34:33;7;17;2;5;7;8;1;1;2;1;2;1;0;0;23;
Evan Fournier;;19:07;1;6;0;2;1;1;0;2;2;3;0;0;1;2;3;
Anthony Randolph;;2:25;1;1;0;0;0;0;0;0;0;0;0;0;0;0;2;
