03-30;BKN-UTA;107-116;
28-33;26-19;20-31;33-33;
BKN
Gerald Wallace;F;24:20;1;3;0;2;0;0;1;1;2;3;0;0;2;1;2;
Reggie Evans;F;27:21;2;5;0;0;0;0;6;10;16;1;0;0;1;3;4;
Brook Lopez;C;32:07;11;16;0;0;5;6;2;5;7;1;0;4;5;1;27;
Keith Bogans;G;24:34;1;4;1;4;0;0;0;1;1;2;0;0;1;2;3;
Deron Williams;G;35:30;6;14;3;7;6;7;0;2;2;11;1;0;2;2;21;
Kris Humphries;;17:45;4;8;0;0;0;0;2;2;4;1;0;2;0;1;8;
MarShon Brooks;;29:45;4;10;1;4;1;2;2;0;2;1;2;1;1;4;10;
CJ Watson;;29:51;8;13;3;6;3;4;2;3;5;4;2;0;3;3;22;
Andray Blatche;;18:47;5;8;0;0;0;0;0;4;4;1;0;4;2;2;10;
UTA
Gordon Hayward;F;37:46;3;12;0;3;2;2;0;2;2;6;3;3;0;3;8;
Paul Millsap;F;39:40;2;10;0;0;5;8;2;4;6;9;2;0;1;2;9;
Al Jefferson;C;33:37;10;17;0;1;0;3;4;3;7;2;3;2;2;2;20;
Randy Foye;G;31:03;9;11;8;9;0;0;0;1;1;2;1;0;2;4;26;
Mo Williams;G;29:59;6;10;2;3;6;6;0;3;3;4;0;0;3;2;20;
Jamaal Tinsley;;18:01;1;1;0;0;2;2;0;1;1;2;2;1;0;2;4;
Derrick Favors;;22:43;6;10;0;0;1;2;3;6;9;1;3;0;1;3;13;
Marvin Williams;;21:21;7;9;0;1;0;1;1;5;6;1;0;0;1;0;14;
Alec Burks;;5:50;1;1;0;0;0;0;0;0;0;0;0;0;0;0;2;
