03-27;LAL-MIN;120-117;
26-23;24-23;41-33;29-38;
LAL
Kobe Bryant;F;37:47;12;21;3;7;4;6;0;3;3;7;1;1;6;4;31;
Pau Gasol;F;36:29;8;12;0;0;1;2;2;7;9;3;2;2;2;1;17;
Dwight Howard;C;33:48;9;13;0;0;7;17;3;13;16;0;5;5;4;4;25;
Jodie Meeks;G;34:48;2;7;1;4;0;0;2;2;4;3;1;0;0;2;5;
Steve Nash;G;35:30;4;7;2;3;6;7;0;0;0;8;0;0;6;5;16;
Antawn Jamison;;25:43;6;10;2;2;4;6;3;2;5;1;0;1;0;2;18;
Steve Blake;;22:43;3;9;2;5;0;0;0;3;3;3;1;0;2;6;8;
Earl Clark;;13:12;0;3;0;1;0;0;2;2;4;2;0;0;1;1;0;
MIN
Andrei Kirilenko;F;27:26;3;8;0;1;5;7;0;2;2;3;3;0;1;1;11;
Derrick Williams;F;29:16;6;12;1;2;2;5;3;3;6;0;0;0;3;0;15;
Nikola Pekovic;C;41:04;6;14;0;0;7;8;7;9;16;1;2;1;4;3;19;
Luke Ridnour;G;27:10;4;7;2;2;1;1;1;1;2;2;0;0;1;3;11;
Ricky Rubio;G;28:43;5;13;0;1;3;4;0;3;3;7;3;0;2;4;13;
Chase Budinger;;24:08;6;12;1;5;1;1;2;7;9;1;2;1;1;4;14;
Jose Juan Barea;;23:25;4;9;0;3;3;4;1;1;2;7;1;0;1;2;11;
Greg Stiemsma;;6:56;0;2;0;0;0;0;1;0;1;0;0;1;0;3;0;
Dante Cunningham;;18:44;9;15;0;0;0;0;2;2;4;1;2;0;1;3;18;
Alexey Shved;;13:08;2;5;1;3;0;0;0;0;0;1;2;0;1;3;5;
