03-29;LAC-SAS;102-104;
28-30;34-31;17-24;23-19;
LAC
Caron Butler;F;22:19;4;9;2;4;1;1;0;3;3;0;1;0;0;1;11;
Blake Griffin;F;38:01;7;20;0;1;4;5;3;4;7;4;0;0;1;3;18;
DeAndre Jordan;C;24:45;4;4;0;0;1;8;4;4;8;1;2;0;1;2;9;
Willie Green;G;17:36;4;6;2;3;0;0;0;0;0;1;1;0;0;5;10;
Chris Paul;G;34:12;5;14;0;3;4;4;2;3;5;12;1;1;4;4;14;
Ryan Hollins;;14:34;1;2;0;0;0;0;1;2;3;0;0;1;0;1;2;
Jamal Crawford;;30:24;7;12;2;5;0;0;1;1;2;3;0;0;0;0;16;
Matt Barnes;;26:05;2;4;1;2;1;1;0;5;5;4;1;0;1;3;6;
Eric Bledsoe;;13:48;4;6;0;0;0;0;1;1;2;1;1;1;0;1;8;
Lamar Odom;;18:16;3;4;1;1;1;2;0;3;3;0;1;1;2;3;8;
SAS
Kawhi Leonard;F;32:15;2;6;0;1;0;0;1;5;6;4;1;0;1;1;4;
Tim Duncan;F;32:20;12;19;0;0;10;10;3;8;11;3;0;2;3;3;34;
Tiago Splitter;C;30:30;6;9;0;0;2;2;1;2;3;0;1;1;1;0;14;
Danny Green;G;27:09;2;4;2;3;0;0;0;1;1;2;0;1;0;1;6;
Tony Parker;G;36:07;9;15;1;2;5;6;0;3;3;8;0;0;3;4;24;
Manu Ginobili;;2:42;0;1;0;0;2;2;0;1;1;2;0;0;0;0;2;
Boris Diaw;;23:54;1;2;0;0;1;1;1;1;2;2;0;1;0;2;3;
Stephen Jackson;;14:26;1;3;0;2;0;0;0;2;2;0;0;0;1;3;2;
Gary Neal;;19:28;3;10;2;6;0;0;0;1;1;6;0;0;0;2;8;
Nando De Colo;;11:53;2;4;1;1;0;0;0;2;2;2;0;0;0;4;5;
Matt Bonner;;9:16;1;1;0;0;0;0;0;0;0;0;1;0;0;0;2;
