03-27;WAS-OKC;80-103;
23-29;22-24;21-30;14-20;
WAS
Chris Singleton;F;40:31;3;12;1;6;1;2;1;4;5;1;1;0;3;5;8;
Trevor Booker;F;27:05;5;8;0;0;0;0;5;3;8;0;1;1;0;2;10;
Emeka Okafor;C;26:37;2;9;0;0;1;2;3;7;10;1;1;0;0;2;5;
Garrett Temple;G;38:32;5;11;2;6;1;2;0;1;1;2;4;0;4;4;13;
John Wall;G;35:15;3;18;0;1;12;15;1;3;4;12;1;0;3;4;18;
Kevin Seraphin;;31:29;6;14;0;0;0;2;3;5;8;0;0;0;1;4;12;
Cartier Martin;;24:55;3;9;2;7;4;4;0;1;1;1;0;0;3;5;12;
Jan Vesely;;15:37;0;3;0;0;2;2;3;3;6;0;0;1;1;2;2;
OKC
Kevin Durant;F;31:28;4;10;2;2;10;10;0;6;6;6;0;1;2;1;20;
Serge Ibaka;F;28:48;2;8;0;1;3;4;2;5;7;1;1;4;1;1;7;
Kendrick Perkins;C;21:12;3;4;0;0;0;0;2;9;11;1;0;0;3;3;6;
Thabo Sefolosha;G;19:07;2;5;2;3;2;2;0;3;3;0;1;1;0;2;8;
Russell Westbrook;G;25:09;5;8;1;1;10;11;0;4;4;4;0;0;4;2;21;
Reggie Jackson;;22:31;3;4;0;0;1;2;0;1;1;2;1;0;0;2;7;
Nick Collison;;21:32;3;5;0;0;0;0;0;2;2;3;1;0;1;1;6;
Kevin Martin;;22:56;6;9;3;4;3;4;1;0;1;1;1;0;2;3;18;
Hasheem Thabeet;;16:33;1;2;0;0;0;0;1;0;1;0;1;2;1;4;2;
Derek Fisher;;14:16;0;3;0;2;2;2;0;1;1;1;2;0;0;1;2;
Jeremy Lamb;;5:57;0;2;0;1;6;6;0;0;0;1;0;0;0;0;6;
Perry Jones;;5:16;0;3;0;0;0;0;1;1;2;0;0;0;0;0;0;
Ronnie Brewer;;5:16;0;0;0;0;0;0;0;2;2;0;1;0;0;1;0;
