04-09;MIN-GSW;89-105;
26-26;28-29;16-31;19-19;
MIN
Andrei Kirilenko;F;21:24;4;7;1;1;6;6;0;4;4;2;0;2;1;2;15;
Derrick Williams;F;20:21;2;8;1;1;0;0;0;0;0;0;0;0;0;1;5;
Nikola Pekovic;C;25:48;2;8;0;0;1;2;1;6;7;0;1;2;1;3;5;
Luke Ridnour;G;21:08;4;6;0;0;0;0;1;2;3;3;1;0;0;1;8;
Ricky Rubio;G;22:08;0;10;0;3;5;6;0;5;5;6;1;0;2;2;5;
Chase Budinger;;26:36;7;15;2;4;1;2;3;3;6;1;0;0;1;2;17;
Dante Cunningham;;24:00;5;10;0;0;1;1;1;2;3;1;1;0;2;2;11;
Jose Juan Barea;;20:30;4;10;3;7;2;3;0;3;3;4;1;0;2;1;13;
Alexey Shved;;26:52;1;6;0;2;0;0;0;3;3;9;1;0;1;2;2;
Greg Stiemsma;;22:12;3;7;0;0;0;0;0;9;9;3;0;2;0;1;6;
Mickael Gelabale;;5:22;1;3;0;1;0;0;0;1;1;0;0;0;0;1;2;
Chris Johnson;;3:39;0;0;0;0;0;0;0;0;0;0;0;0;0;0;0;
GSW
Harrison Barnes;F;25:48;6;11;1;1;2;2;3;7;10;1;0;0;1;3;15;
David Lee;F;32:47;6;12;0;1;3;4;3;9;12;5;1;1;4;0;15;
Andrew Bogut;C;29:57;1;3;0;0;0;2;1;13;14;2;0;3;3;3;2;
Klay Thompson;G;35:36;10;19;6;10;4;4;0;3;3;2;5;0;2;4;30;
Stephen Curry;G;39:10;9;21;2;9;4;5;1;3;4;10;1;1;3;4;24;
Jarrett Jack;;23:17;2;8;0;1;0;0;0;4;4;2;0;1;0;4;4;
Carl Landry;;17:55;2;7;0;0;1;1;0;1;1;1;0;0;0;0;5;
Festus Ezeli;;15:13;0;2;0;0;3;4;3;5;8;0;0;0;0;1;3;
Draymond Green;;8:03;0;3;0;0;0;0;0;2;2;1;0;0;0;0;0;
Kent Bazemore;;6:03;1;2;1;1;0;0;0;1;1;0;0;0;0;0;3;
Richard Jefferson;;6:09;2;3;0;1;0;0;1;0;1;0;0;0;0;0;4;
