04-12;LAC-NOH;96-93;
24-25;19-15;14-23;39-30;
LAC
Caron Butler;F;18:46;1;6;0;4;0;0;0;1;1;1;0;0;2;2;2;
Blake Griffin;F;39:09;9;16;0;2;2;4;1;4;5;4;0;1;1;4;20;
DeAndre Jordan;C;23:29;2;3;0;0;1;2;1;2;3;0;1;1;0;2;5;
Willie Green;G;18:20;2;5;1;3;0;0;1;2;3;0;1;0;1;1;5;
Chris Paul;G;37:31;4;12;1;2;8;8;2;5;7;14;2;1;4;2;17;
Jamal Crawford;;31:13;5;16;3;8;2;4;0;4;4;5;1;0;1;1;15;
Matt Barnes;;27:41;6;11;1;5;3;4;2;8;10;1;0;0;2;3;16;
Ryan Hollins;;14:32;2;2;0;0;1;2;1;1;2;0;0;1;1;3;5;
Lamar Odom;;10:00;1;3;0;0;0;0;1;3;4;1;0;0;0;2;2;
Eric Bledsoe;;19:19;3;4;1;2;2;4;1;1;2;2;1;1;0;4;9;
NOH
Al-Farouq Aminu;F;32:46;2;3;0;0;3;6;4;6;10;2;0;0;1;3;7;
Ryan Anderson;F;38:45;6;18;2;8;3;6;3;3;6;1;2;0;0;4;17;
Robin Lopez;C;38:19;8;16;0;0;3;4;8;4;12;1;0;1;1;1;19;
Eric Gordon;G;36:13;8;18;2;6;7;12;0;4;4;3;1;0;3;2;25;
Brian Roberts;G;41:14;6;13;2;2;1;1;0;6;6;11;0;0;3;4;15;
Xavier Henry;;18:38;2;5;0;0;0;2;0;1;1;0;0;0;1;5;4;
Roger Mason Jr.;;15:46;0;2;0;2;0;0;0;1;1;3;0;0;2;3;0;
Lou Amundson;;14:03;3;6;0;0;0;1;4;4;8;0;0;0;1;0;6;
Darius Miller;;4:15;0;2;0;1;0;0;0;0;0;0;0;0;0;1;0;
Terrel Harris;;0:01;0;0;0;0;0;0;0;0;0;0;0;0;0;0;0;
