03-31;DET-CHI;94-95;
24-20;33-33;17-18;20-24;
DET
Kyle Singler;F;27:02;3;4;1;1;1;1;1;5;6;1;0;0;1;6;8;
Greg Monroe;F;31:34;7;12;0;0;4;6;1;9;10;4;2;2;4;3;18;
Andre Drummond;C;22:37;4;7;0;0;0;3;4;10;14;2;0;1;0;3;8;
Brandon Knight;G;36:31;2;6;1;2;0;0;0;1;1;4;2;0;4;3;5;
Jose Calderon;G;33:42;4;8;1;2;2;2;0;0;0;5;0;0;1;0;11;
Jonas Jerebko;;17:45;2;3;0;1;1;2;0;3;3;1;1;0;2;1;5;
Kim English;;11:41;0;0;0;0;0;0;1;2;3;1;0;0;1;1;0;
Rodney Stuckey;;28:52;10;19;2;3;3;4;1;1;2;2;0;0;1;2;25;
Charlie Villanueva;;24:04;4;13;2;7;4;4;0;5;5;1;0;2;2;3;14;
Khris Middleton;;6:12;0;0;0;0;0;0;0;1;1;1;0;0;0;1;0;
CHI
Luol Deng;F;42:27;7;18;3;8;11;17;4;5;9;2;0;0;1;2;28;
Carlos Boozer;F;22:22;5;11;0;0;1;2;3;4;7;1;0;0;3;3;11;
Nazr Mohammed;C;17:52;0;4;0;0;0;0;1;3;4;2;0;0;1;3;0;
Jimmy Butler;G;38:42;4;7;1;2;7;9;1;3;4;1;5;1;1;4;16;
Kirk Hinrich;G;34:06;1;5;0;2;1;1;0;1;1;6;3;0;2;2;3;
Taj Gibson;;30:08;3;6;0;0;5;8;1;3;4;0;0;3;1;4;11;
Daequan Cook;;25:22;3;7;2;5;2;3;0;6;6;4;0;0;0;0;10;
Nate Robinson;;28:49;7;18;2;6;0;0;0;2;2;3;2;0;0;0;16;
Marquis Teague;;0:12;0;0;0;0;0;0;0;0;0;0;0;0;0;0;0;
