03-30;ORL-ATL;88-97;
27-23;17-22;16-22;28-30;
ORL
Maurice Harkless;F;42:38;6;10;1;3;4;8;2;2;4;2;3;1;3;3;17;
Tobias Harris;F;39:42;5;18;1;4;0;0;2;8;10;1;2;0;2;4;11;
Nikola Vucevic;C;39:04;8;17;0;0;1;3;5;10;15;0;2;1;3;4;17;
DeQuan Jones;G;19:58;3;4;0;0;2;3;1;2;3;0;1;1;0;2;8;
Beno Udrih;G;41:14;8;23;2;5;2;3;3;4;7;8;1;0;2;2;20;
Kyle O'Quinn;;22:34;1;4;0;0;0;0;1;6;7;0;0;1;2;6;2;
E'Twaun Moore;;16:32;0;5;0;1;4;6;0;1;1;1;0;0;1;2;4;
Andrew Nicholson;;11:32;3;5;0;0;3;4;2;2;4;0;0;0;3;2;9;
Doron Lamb;;6:46;0;1;0;0;0;0;1;1;2;0;1;0;1;0;0;
ATL
Kyle Korver;F;18:28;3;7;1;3;1;1;0;6;6;2;0;0;1;4;8;
Josh Smith;F;40:27;7;14;0;2;7;9;2;7;9;2;2;3;4;3;21;
Johan Petro;C;18:08;3;7;0;0;0;0;4;3;7;2;0;1;1;4;6;
Devin Harris;G;34:01;5;7;2;3;5;9;0;4;4;6;1;0;2;0;17;
Jeff Teague;G;31:41;3;14;0;4;1;1;0;1;1;3;2;1;2;3;7;
Dahntay Jones;;12:43;0;1;0;0;1;2;0;3;3;0;0;0;0;2;1;
Ivan Johnson;;34:28;7;14;0;0;7;8;3;7;10;1;3;1;1;3;21;
Anthony Tolliver;;28:31;3;8;1;5;1;1;0;3;3;0;1;0;1;2;8;
Shelvin Mack;;20:56;3;6;2;4;0;0;0;1;1;2;0;0;3;2;8;
Mike Scott;;0:37;0;0;0;0;0;0;0;0;0;0;0;0;1;1;0;
