03-25;ATL-IND;94-100;
26-26;17-32;20-27;31-15;
ATL
Josh Smith;F;29:28;7;10;0;1;6;12;1;2;3;4;4;2;2;0;20;
Johan Petro;F;16:53;0;4;0;0;0;1;4;1;5;0;0;0;1;2;0;
Al Horford;C;33:19;6;15;0;0;1;1;2;6;8;2;1;1;1;1;13;
Dahntay Jones;G;11:45;1;4;1;2;0;0;0;0;0;1;0;0;2;2;3;
Jeff Teague;G;28:40;3;10;1;4;3;4;0;1;1;1;0;1;3;1;10;
Kyle Korver;;24:15;2;6;2;4;1;1;0;6;6;2;0;1;1;2;7;
Anthony Tolliver;;23:06;2;5;1;3;1;2;0;1;1;0;0;0;1;2;6;
Ivan Johnson;;17:14;3;5;0;0;0;0;0;2;2;1;4;1;4;5;6;
Shelvin Mack;;19:20;4;9;2;4;0;0;0;2;2;4;1;0;0;0;10;
John Jenkins;;12:00;3;4;0;1;2;2;1;2;3;2;0;0;1;1;8;
Mike Scott;;12:00;2;2;0;0;1;2;2;3;5;0;0;1;0;0;5;
DeShawn Stevenson;;12:00;3;6;0;2;0;0;0;2;2;1;1;0;0;1;6;
IND
Paul George;F;41:56;6;13;1;5;0;0;0;6;6;4;1;1;6;4;13;
Tyler Hansbrough;F;26:06;6;11;0;1;0;1;6;5;11;0;0;0;2;1;12;
Roy Hibbert;C;37:27;8;17;0;0;1;1;4;9;13;1;1;3;1;2;17;
Gerald Green;G;23:03;6;10;2;4;5;6;1;5;6;1;2;0;0;2;19;
D.J. Augustin;G;36:27;1;6;1;4;3;3;1;1;2;5;2;0;6;2;6;
Orlando Johnson;;24:57;6;12;2;6;1;1;2;3;5;2;1;1;1;0;15;
Ben Hansbrough;;11:33;0;0;0;0;0;0;0;1;1;3;0;0;1;1;0;
Ian Mahinmi;;10:13;0;4;0;1;1;2;0;0;0;0;0;1;2;3;1;
Jeff Ayres;;21:54;6;10;1;1;1;1;1;2;3;1;0;0;1;2;14;
Sam Young;;6:23;1;1;1;1;0;0;0;2;2;1;0;0;0;0;3;
