04-15;DEN-MIL;112-111;
32-26;24-27;25-24;31-34;
DEN
Andre Iguodala;F;35:27;5;9;2;4;1;2;2;6;8;7;1;2;1;1;13;
Wilson Chandler;F;29:25;8;13;3;5;2;2;0;3;3;0;0;0;2;4;21;
Kosta Koufos;C;23:05;3;9;0;0;2;6;4;7;11;0;0;1;1;0;8;
Evan Fournier;G;28:38;6;11;0;1;0;0;0;2;2;3;0;0;0;5;12;
Ty Lawson;G;38:25;7;13;1;1;11;13;0;5;5;7;2;0;5;1;26;
Corey Brewer;;21:53;0;6;0;2;5;8;0;3;3;1;0;0;1;1;5;
JaVale McGee;;24:30;4;8;0;0;2;5;8;9;17;0;0;2;2;5;10;
Anthony Randolph;;15:41;2;4;0;0;1;2;0;3;3;1;0;0;5;5;5;
Andre Miller;;22:56;2;12;0;1;8;8;4;2;6;2;2;0;0;2;12;
MIL
Luc Mbah a Moute;F;17:36;0;5;0;0;1;2;0;1;1;0;0;0;1;0;1;
Ersan Ilyasova;F;32:17;7;13;0;3;0;0;5;5;10;1;1;0;3;5;14;
John Henson;C;30:50;6;13;0;0;2;6;8;7;15;2;3;4;0;1;14;
Brandon Jennings;G;28:49;1;11;0;5;2;2;2;1;3;4;0;0;1;3;4;
Monta Ellis;G;36:04;14;25;6;11;4;5;0;2;2;4;3;0;4;5;38;
Mike Dunleavy;;28:29;3;11;2;6;2;2;1;4;5;5;0;0;2;4;10;
Ekpe Udoh;;19:14;4;5;0;0;2;4;2;3;5;0;1;1;0;5;10;
JJ Redick;;26:54;7;14;4;9;2;2;0;2;2;3;0;0;0;1;20;
Ish Smith;;19:47;0;3;0;1;0;0;0;1;1;6;2;1;0;0;0;
