03-30;CHA-PHI;92-100;
31-22;15-27;25-24;21-27;
CHA
Michael Kidd-Gilchrist;F;33:55;9;11;0;0;3;4;0;9;9;0;0;0;1;4;21;
Josh McRoberts;F;40:37;6;13;0;0;3;4;1;2;3;1;0;0;1;4;15;
Bismack Biyombo;C;42:00;4;5;0;0;0;0;3;6;9;1;0;3;2;5;8;
Gerald Henderson;G;39:59;8;18;1;1;2;5;0;3;3;7;2;0;0;1;19;
Kemba Walker;G;38:11;6;14;0;3;4;4;0;3;3;9;1;0;4;4;16;
Jeff Adrien;;13:23;0;1;0;0;2;6;2;1;3;0;0;0;0;1;2;
Ben Gordon;;14:50;0;2;0;0;0;0;0;2;2;3;1;0;2;0;0;
Jannero Pargo;;17:05;5;12;1;4;0;0;2;1;3;1;1;0;2;3;11;
PHI
Evan Turner;F;32:24;8;14;1;3;5;6;0;7;7;3;0;0;2;2;22;
Thaddeus Young;F;38:17;6;10;0;1;3;3;3;7;10;3;2;0;2;3;15;
Spencer Hawes;C;34:29;8;12;1;2;2;2;4;2;6;6;0;1;2;4;19;
Damien Wilkins;G;35:40;6;10;0;0;3;5;0;4;4;2;0;0;0;4;15;
Jrue Holiday;G;40:58;6;17;0;3;2;6;0;3;3;9;0;0;4;2;14;
Lavoy Allen;;14:28;0;0;0;0;1;2;0;1;1;0;1;0;0;2;1;
Dorell Wright;;20:14;0;4;0;2;3;3;0;2;2;3;1;0;0;3;3;
Royal Ivey;;23:31;4;6;3;5;0;0;0;0;0;2;3;0;0;4;11;
