04-14;SAC-HOU;100-121;
24-33;20-29;32-32;24-27;
SAC
John Salmons;F;26:24;5;8;3;6;1;1;0;0;0;0;0;1;1;3;14;
Jason Thompson;F;21:26;3;11;0;0;1;2;1;3;4;2;0;1;1;3;7;
DeMarcus Cousins;C;22:01;3;9;0;0;2;4;3;5;8;0;3;0;2;2;8;
Tyreke Evans;G;17:54;4;10;1;3;1;1;1;2;3;1;0;1;2;1;10;
Isaiah Thomas;G;28:10;2;9;1;3;5;5;0;1;1;10;0;0;1;4;10;
Marcus Thornton;;8:13;0;6;0;2;0;0;0;1;1;0;0;0;1;0;0;
Patrick Patterson;;26:34;4;11;0;1;0;0;2;2;4;2;2;2;0;1;8;
Toney Douglas;;24:16;2;7;2;5;0;0;3;2;5;1;1;0;3;3;6;
Jimmer Fredette;;20:57;5;14;0;2;0;0;0;5;5;5;3;0;1;2;10;
Cole Aldrich;;25:59;6;7;0;0;0;0;5;7;12;0;1;4;1;2;12;
Travis Outlaw;;18:06;5;8;1;3;4;4;0;2;2;3;0;1;2;0;15;
HOU
Chandler Parsons;F;27:00;5;7;2;3;1;1;0;5;5;5;1;1;0;0;13;
Greg Smith;F;22:03;5;8;0;0;1;2;0;5;5;2;2;1;1;4;11;
Omer Asik;C;26:29;4;9;0;0;2;2;3;9;12;1;0;0;2;2;10;
James Harden;G;31:38;11;16;4;6;3;7;1;3;4;9;2;1;2;0;29;
Jeremy Lin;G;25:35;4;8;1;2;6;6;0;4;4;2;0;0;3;1;15;
Carlos Delfino;;25:22;5;11;4;9;0;0;0;3;3;4;0;0;0;2;14;
Terrence Jones;;20:16;3;8;0;2;3;4;0;3;3;1;3;5;1;1;9;
Francisco Garcia;;11:54;1;1;0;0;0;0;0;1;1;0;0;0;0;0;2;
Patrick Beverley;;17:18;2;5;1;3;2;2;0;2;2;0;2;1;3;3;7;
Donatas Motiejunas;;14:22;3;5;0;0;0;0;2;2;4;1;0;1;2;4;6;
Thomas Robinson;;6:28;1;1;0;0;0;0;0;2;2;2;1;1;2;0;2;
James Anderson;;6:28;1;3;1;2;0;0;0;1;1;1;0;1;1;0;3;
Aaron Brooks;;5:07;0;1;0;0;0;0;0;0;0;0;0;0;0;0;0;
