04-10;DET-CLE;111-104;
28-24;25-25;21-26;37-29;
DET
Kyle Singler;F;26:31;1;7;0;2;5;6;1;4;5;0;1;0;1;1;7;
Greg Monroe;F;38:05;10;18;0;0;3;5;0;8;8;4;1;0;0;2;23;
Andre Drummond;C;33:56;10;11;0;0;9;17;3;8;11;1;0;0;0;4;29;
Rodney Stuckey;G;37:08;5;8;2;2;6;9;0;1;1;7;1;0;1;1;18;
Brandon Knight;G;35:29;2;11;0;3;3;3;1;3;4;2;1;0;1;3;7;
Jonas Jerebko;;17:15;2;5;0;1;1;2;0;1;1;2;2;0;0;1;5;
Khris Middleton;;20:48;3;6;0;1;0;0;0;1;1;0;0;0;1;2;6;
Will Bynum;;21:22;7;10;2;4;0;0;0;1;1;3;0;0;1;4;16;
Charlie Villanueva;;6:28;0;3;0;2;0;0;0;1;1;1;0;1;0;0;0;
Kim English;;2:58;0;1;0;1;0;0;0;0;0;0;0;0;0;2;0;
CLE
Alonzo Gee;F;30:35;2;6;0;3;0;0;1;1;2;0;0;1;1;5;4;
Tristan Thompson;F;34:30;8;13;0;0;3;6;3;5;8;1;2;1;1;5;19;
Tyler Zeller;C;29:22;4;9;0;1;0;0;0;5;5;1;0;3;2;5;8;
Wayne Ellington;G;23:17;4;5;1;2;0;0;0;5;5;0;0;0;0;2;9;
Kyrie Irving;G;34:59;7;15;1;5;12;13;0;3;3;9;0;0;5;1;27;
Shaun Livingston;;22:45;2;3;0;0;1;2;0;2;2;7;1;1;1;3;5;
Kevin Jones;;16:56;4;8;0;0;0;0;4;2;6;1;0;0;0;1;8;
Omri Casspi;;17:26;3;7;1;2;2;2;1;5;6;0;0;2;0;3;9;
Marreese Speights;;14:55;1;4;0;0;2;2;4;5;9;1;0;0;1;2;4;
Dion Waiters;;15:15;5;12;0;2;1;1;0;3;3;1;0;0;1;1;11;
