03-27;BOS-CLE;93-92;
24-18;22-27;21-28;26-19;
BOS
Jeff Green;F;41:26;7;18;2;2;5;8;0;7;7;5;2;1;2;3;21;
Brandon Bass;F;36:41;8;14;0;0;6;7;0;5;5;2;0;0;0;2;22;
Chris Wilcox;C;21:06;2;3;0;0;2;4;2;4;6;1;1;1;0;2;6;
Paul Pierce;G;35:34;7;16;1;5;4;4;0;10;10;8;1;2;7;3;19;
Avery Bradley;G;36:12;1;7;1;3;0;0;0;2;2;3;2;0;1;3;3;
Jason Terry;;21:05;2;7;1;4;0;0;0;3;3;2;0;0;1;0;5;
Jordan Crawford;;25:31;5;8;0;0;2;3;0;1;1;4;2;0;1;1;12;
Terrence Williams;;13:28;1;2;0;0;0;0;0;1;1;2;0;0;2;0;2;
Shavlik Randolph;;8:57;1;1;0;0;1;2;0;2;2;0;2;0;1;1;3;
CLE
Alonzo Gee;F;29:26;5;11;0;1;2;2;1;4;5;3;2;1;3;2;12;
Tristan Thompson;F;24:07;1;6;0;0;0;2;2;7;9;0;0;0;2;2;2;
Tyler Zeller;C;23:51;5;6;0;0;1;2;3;6;9;0;0;1;0;2;11;
Wayne Ellington;G;33:13;7;16;1;4;1;2;0;3;3;2;3;0;1;1;16;
Shaun Livingston;G;28:38;5;13;0;0;2;2;0;3;3;5;1;1;2;2;12;
Daniel Gibson;;21:30;2;5;2;3;0;0;0;0;0;6;1;0;3;3;6;
Luke Walton;;21:43;3;6;1;1;0;0;1;5;6;4;0;1;2;2;7;
CJ Miles;;27:30;4;13;3;8;2;2;0;4;4;6;1;1;1;4;13;
Marreese Speights;;17:23;6;9;0;0;1;2;1;5;6;0;1;1;3;4;13;
Chris Quinn;;12:39;0;1;0;0;0;0;1;0;1;0;1;0;1;0;0;
