04-09;OKC-UTA;90-80;
26-19;19-16;23-26;22-19;
OKC
Kevin Durant;F;37:23;6;10;1;2;8;8;0;12;12;9;3;1;3;2;21;
Serge Ibaka;F;31:48;8;14;0;0;0;0;4;4;8;0;1;5;3;3;16;
Kendrick Perkins;C;28:46;1;5;0;0;0;0;1;3;4;2;1;0;1;2;2;
Thabo Sefolosha;G;26:37;4;8;4;8;0;0;0;7;7;2;1;0;0;3;12;
Russell Westbrook;G;37:12;8;21;2;5;7;8;1;4;5;2;3;0;1;2;25;
Nick Collison;;16:39;1;5;0;0;0;0;3;1;4;1;0;0;0;2;2;
Kevin Martin;;27:44;2;9;1;4;0;0;0;1;1;0;0;0;0;0;5;
Reggie Jackson;;16:20;1;4;0;0;2;2;1;2;3;2;1;0;1;3;4;
Hasheem Thabeet;;6:43;0;1;0;0;0;0;0;1;1;0;0;1;0;2;0;
Derek Fisher;;10:48;1;4;1;2;0;0;0;1;1;0;2;0;0;0;3;
UTA
Gordon Hayward;F;34:32;6;16;2;7;3;4;0;5;5;3;1;0;1;3;17;
Paul Millsap;F;37:36;4;11;0;1;0;0;0;6;6;2;2;1;5;2;8;
Al Jefferson;C;32:24;7;13;0;0;1;1;2;9;11;1;1;1;1;2;15;
Randy Foye;G;35:40;3;8;2;6;2;2;0;4;4;2;0;0;2;2;10;
Mo Williams;G;37:21;7;17;2;7;3;3;1;1;2;6;1;0;5;1;19;
Derrick Favors;;29:10;3;7;0;0;2;4;1;7;8;1;0;5;2;4;8;
DeMarre Carroll;;22:38;1;6;1;3;0;0;2;2;4;3;1;1;0;4;3;
Jamaal Tinsley;;10:39;0;1;0;1;0;0;0;3;3;4;0;0;1;1;0;
