03-20;WAS-PHX;88-79;
25-26;34-19;15-20;14-14;
WAS
Martell Webster;F;29:11;5;9;3;5;0;1;0;2;2;2;0;0;1;2;13;
Nene;F;32:23;4;10;0;0;9;12;1;7;8;2;2;0;5;3;17;
Jason Collins;C;17:13;0;2;0;0;0;0;0;3;3;2;2;2;1;4;0;
Garrett Temple;G;27:31;0;4;0;1;0;0;0;3;3;3;2;0;2;2;0;
John Wall;G;35:50;7;14;0;0;5;6;2;0;2;8;1;0;5;4;19;
Kevin Seraphin;;29:39;8;11;0;0;0;0;0;5;5;1;0;2;3;3;16;
Trevor Ariza;;33:38;5;10;3;7;1;4;0;6;6;1;0;0;0;1;14;
Bradley Beal;;18:58;3;6;0;2;0;0;0;5;5;1;0;0;4;1;6;
Trevor Booker;;15:37;1;2;0;0;1;2;3;4;7;2;0;0;0;2;3;
PHX
PJ Tucker;F;33:54;4;11;0;2;2;2;3;7;10;1;2;0;3;1;10;
Markieff Morris;F;10:33;0;2;0;1;0;0;1;1;2;0;1;0;1;1;0;
Jermaine O'Neal;C;32:47;3;11;0;0;6;6;3;3;6;1;0;0;2;4;12;
Wesley Johnson;G;38:26;8;18;2;6;0;0;0;4;4;2;1;0;2;1;18;
Goran Dragic;G;41:33;4;10;1;3;9;10;1;2;3;11;3;0;4;3;18;
Hamed Haddadi;;10:17;1;5;0;0;0;0;4;2;6;0;0;0;0;3;2;
Luis Scola;;33:52;5;12;0;0;1;2;0;5;5;2;1;1;0;4;11;
Michael Beasley;;8:22;1;5;0;2;2;2;0;0;0;0;0;0;1;0;4;
Jared Dudley;;8:25;0;3;0;0;0;0;1;2;3;0;1;1;0;0;0;
Kendall Marshall;;6:36;0;1;0;1;0;0;0;0;0;0;1;0;0;0;0;
Marcus Morris;;6:27;0;1;0;0;0;0;0;1;1;0;0;0;0;0;0;
Shannon Brown;;8:48;2;4;0;0;0;0;0;0;0;0;1;0;0;0;4;
