04-05;DAL-SAC;117-108;
18-27;41-26;33-28;25-27;
DAL
Shawn Marion;F;33:04;10;17;1;1;4;4;2;10;12;2;0;1;2;2;25;
Dirk Nowitzki;F;28:36;6;14;1;4;3;3;0;6;6;2;1;0;0;2;16;
Chris Kaman;C;22:18;3;7;0;0;0;0;2;7;9;1;0;0;2;3;6;
O.J. Mayo;G;34:48;5;9;1;3;2;2;1;3;4;6;2;0;2;2;13;
Mike James;G;18:18;2;3;2;3;2;2;0;0;0;2;1;0;0;2;8;
Jae Crowder;;13:45;0;3;0;1;0;0;0;2;2;0;1;0;1;3;0;
Vince Carter;;25:34;3;11;1;6;0;0;0;3;3;8;0;0;1;1;7;
Darren Collison;;29:42;7;10;0;2;4;4;0;1;1;8;1;1;1;3;18;
Brandan Wright;;25:42;9;14;0;0;2;2;4;2;6;0;1;2;0;2;20;
Anthony Morrow;;8:13;1;2;0;0;2;2;0;0;0;1;0;0;0;0;4;
SAC
John Salmons;F;25:44;1;6;1;5;0;0;0;2;2;2;1;0;0;1;3;
Patrick Patterson;F;41:36;3;9;1;3;3;4;2;5;7;2;0;0;3;2;10;
Jason Thompson;C;36:46;6;13;0;0;4;5;3;13;16;4;0;1;3;1;16;
Tyreke Evans;G;40:41;10;15;2;4;4;6;2;7;9;6;0;0;1;1;26;
Isaiah Thomas;G;35:34;9;20;0;7;11;12;2;1;3;1;1;0;1;3;29;
Jimmer Fredette;;7:18;1;3;0;1;0;0;1;0;1;2;0;0;0;3;2;
DeMarcus Cousins;;9:08;2;5;0;0;2;2;1;1;2;0;0;0;1;2;6;
Marcus Thornton;;5:37;0;1;0;1;0;0;0;0;0;0;1;0;1;0;0;
Toney Douglas;;17:39;6;9;2;5;0;0;0;1;1;1;2;0;1;3;14;
Travis Outlaw;;11:27;1;4;0;0;0;0;0;1;1;0;0;0;1;0;2;
James Johnson;;8:30;0;2;0;0;0;2;1;2;3;2;0;0;0;0;0;
