03-25;MIA-ORL;108-94;
28-28;27-18;23-22;30-26;
MIA
LeBron James;F;38:45;9;16;0;0;6;10;1;8;9;11;1;0;3;2;24;
Udonis Haslem;F;17:31;3;4;0;0;0;0;5;5;10;2;0;1;0;0;6;
Chris Bosh;C;27:10;4;14;0;0;4;6;3;6;9;4;1;1;1;1;12;
Mike Miller;G;20:29;3;6;0;2;1;2;0;5;5;1;0;0;2;2;7;
Mario Chalmers;G;32:53;4;8;4;5;5;5;1;3;4;5;3;1;1;1;17;
Shane Battier;;23:51;1;5;1;5;0;0;1;0;1;2;1;0;0;2;3;
Ray Allen;;20:09;4;7;4;6;0;0;0;1;1;1;1;0;3;0;12;
Chris Andersen;;16:47;3;5;0;0;1;2;0;1;1;0;0;3;0;1;7;
Norris Cole;;20:41;3;5;3;4;0;0;0;0;0;4;0;0;1;4;9;
Rashard Lewis;;15:04;3;6;3;5;2;4;0;3;3;0;0;0;0;0;11;
Juwan Howard;;3:04;0;1;0;0;0;0;0;0;0;0;0;0;1;1;0;
James Jones;;1:48;0;1;0;1;0;0;0;0;0;1;0;0;0;0;0;
Joel Anthony;;1:48;0;0;0;0;0;0;0;1;1;0;0;0;0;0;0;
ORL
Maurice Harkless;F;41:27;3;15;1;5;0;2;5;4;9;0;1;0;2;5;7;
Tobias Harris;F;40:31;8;14;2;3;2;5;0;5;5;1;0;2;1;3;20;
Kyle O'Quinn;C;23:23;6;7;0;0;0;0;2;4;6;0;0;1;2;3;12;
E'Twaun Moore;G;39:11;6;13;1;3;0;0;0;9;9;7;3;1;2;3;13;
Jameer Nelson;G;41:29;9;20;5;10;4;5;0;5;5;12;2;0;3;2;27;
Andrew Nicholson;;1:52;0;0;0;0;0;0;0;0;0;0;0;0;0;1;0;
Beno Udrih;;36:56;1;9;0;2;5;6;1;3;4;5;2;0;1;0;7;
DeQuan Jones;;8:36;3;5;0;0;0;0;1;1;2;0;1;2;1;0;6;
Doron Lamb;;6:35;1;3;0;1;0;0;1;2;3;0;0;0;0;1;2;
