04-06;TOR-MIL;83-100;
16-26;26-35;13-19;28-20;
TOR
Rudy Gay;F;22:37;1;10;0;2;2;2;3;5;8;2;0;1;1;3;4;
Amir Johnson;F;25:01;1;7;0;0;0;0;2;4;6;1;2;2;3;3;2;
Jonas Valanciunas;C;26:08;3;9;0;0;6;6;1;2;3;0;0;0;0;5;12;
DeMar DeRozan;G;23:42;6;14;0;0;0;0;1;1;2;0;0;0;2;0;12;
Kyle Lowry;G;23:02;3;9;1;2;0;1;1;3;4;4;0;0;3;3;7;
Landry Fields;;23:21;2;4;0;0;1;1;0;5;5;1;0;1;2;1;5;
Terrence Ross;;27:52;4;8;0;0;3;4;0;1;1;0;2;0;0;2;11;
Sebastian Telfair;;24:58;0;5;0;2;3;4;0;2;2;7;3;0;3;0;3;
Aaron Gray;;0:30;0;0;0;0;0;0;0;0;0;0;0;0;0;0;0;
Quincy Acy;;21:00;4;7;1;1;4;4;0;2;2;2;2;0;1;3;13;
Alan Anderson;;21:49;6;10;1;3;1;1;0;2;2;1;0;0;1;1;14;
MIL
Marquis Daniels;F;21:31;2;3;0;0;0;0;1;0;1;1;0;1;1;3;4;
Ersan Ilyasova;F;26:14;3;10;0;4;3;4;1;7;8;1;0;1;1;3;9;
Larry Sanders;C;27:28;5;7;0;0;2;2;0;9;9;1;1;6;1;3;12;
Monta Ellis;G;39:08;5;14;2;5;10;10;0;4;4;9;6;0;5;1;22;
Brandon Jennings;G;28:09;7;14;2;4;0;1;1;1;2;7;3;0;0;1;16;
Mike Dunleavy;;19:44;3;6;2;4;2;2;0;0;0;2;0;1;2;5;10;
Luc Mbah a Moute;;24:18;4;7;0;0;2;4;2;5;7;1;1;0;0;0;10;
JJ Redick;;24:25;3;5;0;2;2;2;0;0;0;3;0;1;1;1;8;
Gustavo Ayon;;17:48;2;5;0;0;0;2;3;4;7;1;0;0;4;3;4;
Ish Smith;;4:51;1;2;0;0;0;0;0;1;1;1;0;0;0;1;2;
John Henson;;3:40;1;1;0;0;0;0;1;0;1;0;0;1;0;0;2;
Drew Gooden;;2:45;0;2;0;0;1;2;0;0;0;0;0;1;0;1;1;
