04-17;MIL-OKC;95-89;
21-30;24-21;23-19;27-19;
MIL
Ekpe Udoh;F;24:10;1;3;0;0;2;4;2;4;6;1;1;1;3;1;4;
Luc Mbah a Moute;F;5:39;0;3;0;1;0;0;0;1;1;1;0;0;0;1;0;
John Henson;C;44:22;11;19;0;0;6;8;8;8;16;1;0;0;2;0;28;
Monta Ellis;G;11:08;1;3;0;2;0;0;0;0;0;2;0;0;1;0;2;
Brandon Jennings;G;22:57;6;14;5;8;0;0;0;2;2;2;0;0;2;2;17;
Mike Dunleavy;;27:35;5;11;2;6;2;3;0;3;3;0;1;1;0;1;14;
Ish Smith;;25:03;3;8;1;3;0;0;1;6;7;5;1;0;0;1;7;
Gustavo Ayon;;27:28;4;9;0;0;0;0;3;9;12;1;0;1;0;2;8;
JJ Redick;;35:02;4;10;1;5;3;3;2;1;3;3;1;0;2;2;12;
Marquis Daniels;;16:36;1;5;1;2;0;0;1;2;3;2;1;0;2;1;3;
OKC
Perry Jones;F;38:45;7;15;0;0;0;1;2;7;9;0;1;0;1;2;14;
Serge Ibaka;F;8:22;4;6;0;0;0;0;0;1;1;0;0;1;1;0;8;
Hasheem Thabeet;C;20:37;2;2;0;0;0;0;4;4;8;2;2;0;1;2;4;
Thabo Sefolosha;G;6:52;2;3;2;2;0;0;0;1;1;2;1;0;0;0;6;
Russell Westbrook;G;7:18;2;5;0;0;0;0;0;0;0;3;0;0;0;0;4;
Jeremy Lamb;;41:08;6;21;0;6;1;1;2;5;7;2;0;1;2;2;13;
Reggie Jackson;;36:25;8;18;0;6;7;7;1;5;6;5;1;0;1;2;23;
Daniel Orton;;21:18;2;3;0;0;1;1;0;3;3;0;1;0;0;5;5;
Ronnie Brewer;;25:07;1;5;0;1;0;0;4;3;7;1;1;0;0;0;2;
Derek Fisher;;16:51;2;9;1;5;2;2;0;0;0;1;0;0;1;0;7;
DeAndre Liggins;;17:17;1;2;0;1;1;2;0;2;2;0;1;0;1;1;3;
