04-06;IND-WAS;85-104;
26-31;22-20;18-26;19-27;
IND
Paul George;F;34:24;0;8;0;4;2;2;1;5;6;3;0;0;2;3;2;
David West;F;28:52;6;14;0;0;0;0;1;9;10;1;0;0;1;3;12;
Roy Hibbert;C;30:34;11;17;0;0;3;4;3;7;10;2;0;1;3;2;25;
Lance Stephenson;G;21:06;0;1;0;0;2;2;0;2;2;1;0;0;1;4;2;
George Hill;G;28:59;4;12;0;3;3;4;3;2;5;3;2;0;2;2;11;
Tyler Hansbrough;;16:15;1;4;0;0;2;2;1;5;6;2;0;0;1;1;4;
D.J. Augustin;;19:01;2;6;1;4;0;1;0;0;0;1;0;0;0;0;5;
Orlando Johnson;;17:15;1;6;1;4;0;0;0;1;1;2;0;0;2;0;3;
Ian Mahinmi;;12:16;0;2;0;0;0;0;0;3;3;1;0;0;1;3;0;
Gerald Green;;18:05;6;12;1;5;0;0;0;0;0;1;0;0;1;1;13;
Jeff Ayres;;5:10;1;1;0;0;0;0;1;2;3;0;0;0;0;1;2;
Sam Young;;5:10;1;1;0;0;0;0;0;1;1;0;0;0;0;1;2;
Miles Plumlee;;2:53;2;2;0;0;0;0;0;0;0;0;0;0;0;0;4;
WAS
Martell Webster;F;23:51;3;7;1;2;6;7;0;2;2;3;0;1;0;2;13;
Nene;F;14:15;2;3;0;0;3;4;1;3;4;2;0;1;2;4;7;
Emeka Okafor;C;25:49;3;13;0;0;2;2;2;7;9;2;0;0;1;3;8;
Garrett Temple;G;29:53;3;4;2;3;0;0;0;5;5;0;1;1;0;3;8;
John Wall;G;38:10;16;25;0;0;5;10;0;4;4;5;3;2;2;2;37;
Trevor Ariza;;28:07;2;9;1;6;0;0;0;5;5;1;2;1;1;0;5;
Kevin Seraphin;;36:21;7;10;0;0;1;2;1;3;4;2;0;1;1;4;15;
A.J. Price;;21:49;2;5;0;1;0;0;1;4;5;3;1;0;0;0;4;
Trevor Booker;;14:59;0;1;0;0;5;6;1;2;3;0;3;0;2;4;5;
Jason Collins;;1:43;0;1;0;0;0;0;0;0;0;0;0;0;0;0;0;
Jan Vesely;;2:53;0;0;0;0;0;0;0;0;0;0;0;0;0;0;0;
Chris Singleton;;2:10;1;1;0;0;0;0;0;0;0;1;0;0;0;0;2;
