04-09;NOH-LAL;96-104;
22-27;28-18;20-25;26-34;
NOH
Al-Farouq Aminu;F;14:06;2;4;0;0;0;0;1;3;4;1;0;0;0;1;4;
Anthony Davis;F;37:41;7;14;0;0;4;4;2;12;14;2;4;1;0;4;18;
Robin Lopez;C;29:10;4;7;0;0;2;2;1;2;3;0;1;2;2;3;10;
Eric Gordon;G;32:53;6;13;0;3;10;11;1;2;3;3;1;0;5;6;22;
Greivis Vasquez;G;37:03;5;14;1;5;0;0;0;3;3;11;0;0;3;2;11;
Darius Miller;;6:00;0;1;0;1;0;0;0;0;0;0;0;0;1;1;0;
Ryan Anderson;;25:17;5;14;3;6;1;1;1;0;1;2;0;0;1;1;14;
Lou Amundson;;8:31;1;3;0;0;0;0;2;2;4;0;0;0;0;0;2;
Brian Roberts;;20:45;4;10;1;5;0;0;0;0;0;3;0;0;1;1;9;
Xavier Henry;;28:34;3;4;0;0;0;0;0;4;4;1;1;1;2;5;6;
LAL
Earl Clark;F;24:11;0;3;0;2;0;0;0;3;3;5;0;1;0;4;0;
Pau Gasol;F;38:52;9;15;0;0;4;5;4;7;11;4;1;3;3;0;22;
Dwight Howard;C;32:45;9;13;0;0;1;3;2;4;6;4;0;2;4;5;19;
Kobe Bryant;G;41:06;9;18;2;7;10;11;1;5;6;6;5;1;5;2;30;
Steve Blake;G;39:36;3;7;1;5;0;0;0;5;5;6;2;1;1;2;7;
Metta World Peace;;15:01;1;3;1;2;1;2;0;0;0;1;0;0;0;0;4;
Antawn Jamison;;24:23;5;11;2;4;1;1;1;7;8;0;1;0;1;0;13;
Jodie Meeks;;24:07;4;9;1;5;0;0;1;2;3;0;0;0;1;3;9;
