04-15;MEM-DAL;103-97;
21-29;17-17;30-21;35-30;
MEM
Tayshaun Prince;F;21:31;4;7;1;1;3;4;0;1;1;1;0;0;0;1;12;
Zach Randolph;F;19:55;3;7;0;0;3;4;1;6;7;2;0;0;2;1;9;
Marc Gasol;C;24:00;2;2;0;0;2;2;1;6;7;6;0;1;2;2;6;
Tony Allen;G;13:33;3;5;0;0;0;1;2;2;4;1;2;0;1;3;6;
Mike Conley;G;23:29;3;8;0;2;0;0;1;3;4;3;1;0;2;1;6;
Quincy Pondexter;;24:13;3;8;0;4;1;1;2;3;5;1;0;0;0;1;7;
Darrell Arthur;;13:14;4;8;0;0;0;0;2;0;2;1;0;1;1;4;8;
Ed Davis;;27:51;5;10;0;0;1;1;7;4;11;1;1;0;2;3;11;
Jerryd Bayless;;28:50;6;13;2;6;5;6;0;4;4;4;4;1;2;1;19;
Keyon Dooling;;24:31;4;5;4;5;1;2;0;1;1;3;0;0;1;1;13;
Austin Daye;;15:55;1;6;0;3;4;4;0;3;3;1;2;0;3;3;6;
Jon Leuer;;2:58;0;1;0;0;0;0;0;1;1;0;0;0;0;1;0;
DAL
Shawn Marion;F;32:33;3;8;1;1;2;2;1;7;8;3;4;0;2;2;9;
Dirk Nowitzki;F;34:54;8;18;2;4;8;9;1;2;3;3;0;0;2;4;26;
Chris Kaman;C;17:02;1;6;0;0;0;0;1;5;6;0;0;0;0;3;2;
O.J. Mayo;G;28:25;1;6;0;4;0;0;0;3;3;1;0;0;4;3;2;
Mike James;G;26:31;5;10;2;5;2;2;0;2;2;3;2;0;3;2;14;
Vince Carter;;29:05;8;11;4;5;2;2;1;4;5;4;0;1;1;3;22;
Brandan Wright;;21:34;3;6;0;0;1;2;1;1;2;0;0;1;2;3;7;
Darren Collison;;25:46;2;5;0;0;5;8;2;1;3;4;1;0;0;0;9;
Jae Crowder;;11:55;0;0;0;0;0;0;0;1;1;0;0;1;1;1;0;
Anthony Morrow;;6:54;3;3;0;0;0;0;0;1;1;0;0;0;0;1;6;
Elton Brand;;5:21;0;3;0;0;0;0;1;1;2;0;0;0;0;0;0;
