03-31;TOR-WAS;92-109;
25-27;25-33;26-30;16-19;
TOR
Amir Johnson;F;25:44;2;7;0;0;4;4;2;10;12;1;0;0;3;4;8;
Rudy Gay;F;27:09;4;10;1;3;2;3;2;2;4;3;0;1;1;5;11;
Jonas Valanciunas;C;36:34;5;9;0;0;8;10;3;7;10;1;0;2;1;3;18;
DeMar DeRozan;G;34:24;6;18;0;0;3;4;1;5;6;3;1;0;1;2;15;
Kyle Lowry;G;32:28;4;10;3;5;4;4;1;2;3;7;0;1;4;5;15;
Landry Fields;;26:15;4;7;0;0;0;1;3;2;5;2;1;1;2;1;8;
Alan Anderson;;25:11;3;9;1;5;0;0;1;1;2;1;0;0;1;2;7;
Aaron Gray;;4:49;0;0;0;0;0;0;0;0;0;0;0;1;0;1;0;
Terrence Ross;;11:54;0;5;0;2;0;0;0;1;1;0;0;0;0;3;0;
Sebastian Telfair;;15:32;4;6;2;4;0;0;0;2;2;3;0;0;0;0;10;
WAS
Trevor Booker;F;17:32;1;3;0;0;1;2;0;4;4;1;0;0;0;2;3;
Martell Webster;F;29:41;2;9;0;2;3;5;2;6;8;3;0;0;0;2;7;
Emeka Okafor;C;26:46;7;14;0;0;5;7;3;7;10;1;1;0;4;5;19;
Garrett Temple;G;12:51;0;2;0;0;0;0;1;0;1;0;0;0;0;1;0;
John Wall;G;34:50;7;15;1;3;3;4;0;6;6;10;0;1;1;4;18;
Kevin Seraphin;;18:37;6;10;0;0;1;2;1;0;1;0;0;0;0;5;13;
Bradley Beal;;30:10;8;14;6;9;2;2;1;1;2;4;0;0;2;1;24;
Trevor Ariza;;29:55;3;5;2;2;2;2;2;6;8;3;2;1;2;1;10;
Chris Singleton;;4:24;0;1;0;0;0;0;0;0;0;0;0;1;0;1;0;
Jan Vesely;;19:42;4;7;0;0;1;4;4;4;8;0;1;1;0;3;9;
A.J. Price;;13:10;3;5;0;1;0;0;0;0;0;2;0;0;0;0;6;
Jason Collins;;2:22;0;0;0;0;0;0;0;0;0;0;0;1;0;1;0;
