03-24;BKN-PHX;102-100;
25-25;30-18;20-33;27-24;
BKN
Gerald Wallace;F;35:16;4;8;0;3;1;2;4;4;8;2;1;0;4;2;9;
Reggie Evans;F;23:34;1;4;0;0;2;3;4;6;10;0;1;2;0;3;4;
Brook Lopez;C;33:25;6;16;0;0;9;10;2;3;5;0;0;2;3;2;21;
Keith Bogans;G;30:22;1;5;1;5;0;0;1;2;3;1;1;1;1;1;3;
Deron Williams;G;37:12;8;15;2;4;2;2;0;1;1;11;2;0;1;4;20;
Kris Humphries;;27:40;6;12;0;0;5;5;3;5;8;1;1;1;2;1;17;
Andray Blatche;;10:58;4;8;0;0;0;0;1;2;3;1;0;0;1;0;8;
MarShon Brooks;;18:38;2;4;0;0;2;2;0;1;1;3;0;1;2;2;6;
CJ Watson;;22:55;3;4;1;2;7;7;0;5;5;0;1;0;2;3;14;
PHX
PJ Tucker;F;36:53;7;9;0;1;0;0;6;2;8;0;0;1;2;2;14;
Markieff Morris;F;39:21;5;18;0;2;0;0;9;6;15;3;1;2;2;5;10;
Luis Scola;C;24:51;4;13;0;0;0;0;1;0;1;1;0;1;0;4;8;
Wesley Johnson;G;36:08;7;18;5;9;2;3;1;4;5;1;2;0;2;2;21;
Goran Dragic;G;38:17;10;19;1;3;10;12;3;6;9;12;0;0;4;4;31;
Hamed Haddadi;;21:26;1;3;0;0;0;2;4;2;6;1;1;4;0;4;2;
Jared Dudley;;15:55;3;5;0;2;0;0;0;1;1;1;0;0;0;2;6;
Michael Beasley;;10:22;3;6;0;0;0;0;0;1;1;0;1;0;0;0;6;
Kendall Marshall;;9:43;1;4;0;2;0;0;0;0;0;3;0;0;0;0;2;
Marcus Morris;;7:04;0;4;0;2;0;0;1;1;2;0;0;0;0;0;0;
