04-17;ORL-MIA;93-105;
20-29;27-26;27-30;19-20;
ORL
Maurice Harkless;F;42:35;5;14;0;4;0;4;0;1;1;1;1;1;4;2;10;
Tobias Harris;F;38:13;7;16;0;3;5;11;2;6;8;2;1;0;0;5;19;
Nikola Vucevic;C;36:36;9;13;0;0;2;3;1;12;13;0;1;0;2;5;20;
E'Twaun Moore;G;30:26;5;9;1;2;0;0;1;2;3;4;0;0;0;2;11;
Beno Udrih;G;36:03;5;8;1;2;2;4;1;2;3;14;1;0;4;4;13;
Doron Lamb;;27:02;1;6;0;3;0;0;0;4;4;1;0;0;0;3;2;
Andrew Nicholson;;10:51;6;8;0;0;0;0;1;2;3;0;0;0;1;0;12;
DeQuan Jones;;8:48;2;2;0;0;2;3;0;2;2;0;1;0;1;0;6;
Kyle O'Quinn;;9:26;0;1;0;0;0;0;2;2;4;1;0;0;1;1;0;
MIA
Mike Miller;F;30:50;7;10;6;9;1;1;0;2;2;6;1;0;0;4;21;
Juwan Howard;F;17:12;6;9;0;0;0;0;0;3;3;0;0;0;1;4;12;
Udonis Haslem;C;22:54;2;4;0;0;0;0;0;3;3;0;1;1;2;1;4;
Dwyane Wade;G;23:13;9;15;0;0;3;8;2;3;5;10;0;2;2;0;21;
Norris Cole;G;41:28;4;10;0;4;1;3;0;3;3;7;2;0;2;2;9;
Ray Allen;;25:26;4;9;2;5;0;0;0;0;0;3;1;0;2;1;10;
Shane Battier;;19:13;1;3;1;2;2;3;0;0;0;1;1;4;0;1;5;
Chris Andersen;;20:21;2;3;0;0;1;2;4;4;8;1;0;4;1;2;5;
Rashard Lewis;;25:18;6;12;3;7;1;2;0;8;8;2;1;1;0;1;16;
James Jones;;5:53;0;2;0;2;0;0;0;0;0;0;0;0;0;0;0;
Jarvis Varnado;;4:45;0;0;0;0;0;0;0;2;2;1;0;0;1;1;0;
Joel Anthony;;3:27;1;1;0;0;0;0;0;0;0;0;0;0;0;1;2;
