03-29;MIA-NOH;108-89;
32-22;28-21;21-17;27-29;
MIA
LeBron James;F;32:13;13;20;7;10;3;5;0;4;4;6;2;0;3;0;36;
Udonis Haslem;F;22:23;1;4;0;0;2;2;1;4;5;0;0;0;0;1;4;
Chris Bosh;C;21:39;5;8;0;1;0;0;0;4;4;2;0;1;3;4;10;
Dwyane Wade;G;32:47;7;11;0;1;3;4;0;0;0;9;4;1;6;1;17;
Mike Miller;G;22:11;2;5;1;4;1;2;0;6;6;2;1;0;0;2;6;
Ray Allen;;23:07;3;5;0;1;0;0;1;1;2;4;2;0;0;1;6;
Norris Cole;;26:54;5;6;2;3;0;0;1;2;3;2;1;0;1;3;12;
Shane Battier;;28:08;3;5;3;5;0;0;0;0;0;2;0;0;0;2;9;
Chris Andersen;;17:01;2;3;0;0;1;1;0;1;1;1;1;0;0;3;5;
Rashard Lewis;;3:24;1;1;1;1;0;2;0;0;0;0;0;0;0;1;3;
Juwan Howard;;3:24;0;0;0;0;0;0;0;1;1;1;0;0;0;1;0;
Joel Anthony;;3:24;0;0;0;0;0;0;0;0;0;0;0;1;0;0;0;
James Jones;;3:24;0;1;0;1;0;0;0;1;1;1;0;0;0;0;0;
NOH
Al-Farouq Aminu;F;33:50;3;6;0;0;1;2;5;11;16;2;1;0;3;4;7;
Anthony Davis;F;28:28;5;10;0;0;1;2;3;2;5;0;4;2;2;5;11;
Robin Lopez;C;18:24;2;4;0;0;2;2;1;2;3;0;0;1;2;0;6;
Eric Gordon;G;29:52;3;11;1;6;10;10;0;2;2;2;2;0;5;3;17;
Brian Roberts;G;41:17;6;14;1;3;0;0;0;1;1;6;1;0;3;3;13;
Ryan Anderson;;31:04;8;15;2;6;2;2;2;1;3;3;0;0;2;1;20;
Darius Miller;;20:14;3;4;1;1;0;0;0;1;1;2;0;0;1;2;7;
Roger Mason Jr.;;12:37;0;4;0;2;0;0;0;0;0;2;0;0;1;0;0;
Lou Amundson;;11:30;1;1;0;0;0;0;0;2;2;0;0;0;0;0;2;
Terrel Harris;;2:22;0;1;0;0;0;0;0;1;1;1;0;0;0;0;0;
Lance Thomas;;10:22;3;4;0;0;0;0;0;0;0;1;0;0;0;3;6;
