04-17;MIN-SAS;108-95;
30-24;26-37;24-15;28-19;
MIN
Andrei Kirilenko;F;20:21;2;6;0;0;1;1;3;3;6;4;2;0;0;0;5;
Derrick Williams;F;32:57;7;15;2;4;5;6;0;6;6;4;1;0;2;3;21;
Greg Stiemsma;C;32:31;6;8;0;0;0;0;1;8;9;0;5;1;0;3;12;
Luke Ridnour;G;22:16;4;10;1;3;0;0;0;1;1;6;0;0;2;3;9;
Ricky Rubio;G;25:59;4;10;3;5;1;2;0;3;3;3;2;0;4;1;12;
Jose Juan Barea;;25:44;4;13;1;7;1;1;0;4;4;5;0;0;1;1;10;
Chase Budinger;;23:43;6;13;3;7;0;0;1;3;4;1;0;0;1;1;15;
Alexey Shved;;22:01;2;5;1;2;1;2;0;2;2;3;1;1;0;1;6;
Dante Cunningham;;21:27;4;7;0;0;2;2;1;5;6;0;0;0;1;2;10;
Chris Johnson;;9:06;2;3;0;0;1;2;2;2;4;0;0;0;0;2;5;
Mickael Gelabale;;3:56;1;1;1;1;0;0;0;0;0;0;0;0;1;0;3;
SAS
Kawhi Leonard;F;26:21;2;6;0;1;0;0;0;3;3;1;2;0;1;3;4;
Tim Duncan;F;27:25;5;11;0;0;7;7;2;12;14;3;0;1;5;1;17;
Matt Bonner;C;25:50;3;4;1;1;0;0;0;2;2;1;0;0;1;3;7;
Danny Green;G;15:53;2;5;0;3;0;0;0;0;0;2;1;0;1;0;4;
Tony Parker;G;26:42;3;10;0;0;9;9;0;0;0;8;1;0;2;1;15;
Gary Neal;;21:24;6;12;3;6;2;2;0;3;3;0;0;0;1;2;17;
Manu Ginobili;;11:46;1;4;0;2;0;0;0;1;1;2;0;0;2;1;2;
DeJuan Blair;;29:33;5;9;0;0;0;0;0;6;6;0;1;1;1;3;10;
Cory Joseph;;21:18;1;5;0;0;0;0;1;4;5;1;0;0;0;0;2;
Aron Baynes;;13:12;1;4;0;0;2;2;1;2;3;0;0;0;2;5;4;
Nando De Colo;;12:00;1;4;0;2;2;2;0;2;2;2;0;0;1;2;4;
Patty Mills;;8:36;3;5;3;3;0;0;0;1;1;0;0;0;0;1;9;
