03-22;MEM-NOH;83-90;
21-14;22-34;15-19;25-23;
MEM
Tayshaun Prince;F;33:50;3;7;0;2;1;2;0;2;2;3;2;0;0;0;7;
Zach Randolph;F;27:49;7;14;0;0;0;1;7;2;9;0;0;0;1;3;14;
Marc Gasol;C;38:08;7;13;0;0;2;2;2;4;6;4;4;1;3;3;16;
Tony Allen;G;23:38;3;4;0;0;2;2;0;1;1;2;1;0;1;3;8;
Mike Conley;G;37:57;5;13;3;7;7;9;0;5;5;4;2;0;2;4;20;
Ed Davis;;13:02;0;2;0;0;2;2;2;2;4;0;1;2;0;1;2;
Jerryd Bayless;;28:59;5;12;0;1;2;3;0;2;2;1;0;0;2;1;12;
Tony Wroten;;4:21;0;0;0;0;0;0;0;0;0;0;0;0;1;1;0;
Quincy Pondexter;;16:39;0;3;0;0;4;4;0;1;1;0;0;0;1;1;4;
Darrell Arthur;;11:27;0;3;0;0;0;0;0;1;1;0;1;0;0;3;0;
Austin Daye;;3:26;0;2;0;0;0;0;0;1;1;0;0;0;0;0;0;
Dexter Pittman;;0:22;0;0;0;0;0;0;0;0;0;0;0;0;0;0;0;
Jon Leuer;;0:22;0;0;0;0;0;0;0;1;1;0;0;0;0;0;0;
NOH
Al-Farouq Aminu;F;24:58;2;4;0;0;2;2;1;6;7;1;1;0;0;1;6;
Anthony Davis;F;36:56;8;14;0;0;2;3;5;10;15;2;0;2;1;2;18;
Robin Lopez;C;29:53;9;12;0;0;5;7;6;4;10;0;1;4;2;4;23;
Eric Gordon;G;31:49;4;13;1;4;2;2;0;0;0;2;0;0;4;1;11;
Greivis Vasquez;G;34:56;4;13;1;4;3;3;1;2;3;9;0;0;1;2;12;
Ryan Anderson;;13:37;3;5;2;4;0;0;1;5;6;0;0;1;2;4;8;
Lou Amundson;;15:34;1;3;0;0;0;1;1;3;4;0;2;0;0;2;2;
Terrel Harris;;16:10;0;4;0;1;0;0;0;1;1;2;0;1;2;4;0;
Darius Miller;;13:36;1;2;0;1;0;0;0;2;2;0;0;1;2;1;2;
Brian Roberts;;22:31;4;6;0;0;0;0;1;0;1;3;0;0;1;1;8;
