04-06;HOU-DEN;114-132;
35-25;21-39;27-38;31-30;
HOU
Francisco Garcia;F;28:16;4;9;4;8;0;0;0;2;2;1;0;0;0;2;12;
Greg Smith;F;12:52;2;6;0;0;2;2;1;3;4;0;0;1;1;3;6;
Omer Asik;C;26:58;2;3;0;0;0;0;2;7;9;2;1;1;3;2;4;
James Harden;G;28:55;2;10;0;3;10;10;1;3;4;5;1;1;3;2;14;
Jeremy Lin;G;34:47;8;15;2;6;5;6;0;2;2;8;0;0;1;3;23;
Terrence Jones;;28:13;5;11;2;4;1;3;4;2;6;0;1;2;2;2;13;
James Anderson;;20:51;4;11;3;7;0;1;0;4;4;2;1;0;1;3;11;
Patrick Beverley;;21:31;3;3;1;1;0;0;0;3;3;9;0;1;2;1;7;
Donatas Motiejunas;;15:57;4;6;1;3;3;4;0;3;3;0;0;2;4;2;12;
Thomas Robinson;;12:00;2;4;0;0;1;6;3;1;4;1;1;0;1;0;5;
Aaron Brooks;;9:40;3;5;1;2;0;0;0;0;0;2;0;2;0;2;7;
DEN
Wilson Chandler;F;29:58;9;15;3;6;0;1;2;4;6;3;1;0;0;2;21;
Kenneth Faried;F;24:25;6;10;0;0;1;2;3;3;6;0;1;3;1;2;13;
Kosta Koufos;C;19:51;3;4;0;0;0;0;2;5;7;0;0;1;0;3;6;
Andre Iguodala;G;36:39;7;13;2;6;2;3;0;7;7;14;2;0;2;2;18;
Andre Miller;G;31:21;3;8;1;2;4;6;1;1;2;12;0;0;1;2;11;
Corey Brewer;;28:42;7;16;2;4;6;7;0;2;2;3;1;0;1;4;22;
Anthony Randolph;;21:55;7;10;0;1;0;2;2;5;7;1;4;0;1;3;14;
JaVale McGee;;8:33;3;4;0;0;0;0;0;3;3;0;0;0;0;1;6;
Evan Fournier;;22:49;7;14;3;6;0;0;0;3;3;5;3;0;2;5;17;
Timofey Mozgov;;7:16;0;0;0;0;0;0;2;0;2;1;0;0;0;2;0;
Jordan Hamilton;;5:03;1;2;0;0;0;0;1;0;1;1;0;0;1;0;2;
Quincy Miller;;3:28;1;3;0;0;0;0;0;0;0;0;0;0;0;0;2;
