04-12;MEM-HOU;82-78;
24-15;25-21;15-23;18-19;
MEM
Tayshaun Prince;F;35:04;3;7;1;2;2;2;0;3;3;1;1;1;1;1;9;
Zach Randolph;F;28:55;5;12;0;0;5;5;4;4;8;1;1;1;0;2;15;
Marc Gasol;C;35:38;5;13;0;1;5;6;3;8;11;5;3;3;0;4;15;
Tony Allen;G;24:51;4;12;0;1;2;8;2;2;4;1;1;0;1;4;10;
Mike Conley;G;36:02;4;14;0;3;4;6;0;7;7;5;2;0;1;3;12;
Quincy Pondexter;;11:34;0;0;0;0;0;0;0;1;1;0;0;1;0;0;0;
Jerryd Bayless;;30:14;5;14;2;4;1;1;2;3;5;2;1;0;1;2;13;
Keyon Dooling;;11:40;1;3;1;3;0;0;0;0;0;1;0;0;0;2;3;
Ed Davis;;6:19;0;1;0;0;0;0;0;2;2;0;0;1;0;2;0;
Austin Daye;;9:17;1;4;1;3;0;0;0;1;1;2;0;0;1;0;3;
Darrell Arthur;;10:27;1;3;0;0;0;0;1;1;2;0;1;1;1;2;2;
HOU
Francisco Garcia;F;22:04;2;8;2;7;0;0;0;2;2;0;0;0;1;1;6;
Greg Smith;F;20:35;2;3;0;0;1;4;4;3;7;2;1;1;0;4;5;
Omer Asik;C;34:23;3;8;0;0;2;2;3;8;11;1;0;1;3;2;8;
James Harden;G;43:59;7;24;5;10;11;14;1;6;7;6;2;2;8;4;30;
Jeremy Lin;G;45:11;5;13;2;5;5;6;1;4;5;5;0;1;4;5;17;
Terrence Jones;;28:28;3;7;1;2;0;0;5;7;12;2;1;2;2;4;7;
Carlos Delfino;;15:28;0;3;0;3;0;0;0;1;1;1;0;0;1;1;0;
Patrick Beverley;;23:13;1;3;1;3;0;0;0;4;4;1;0;0;1;5;3;
Donatas Motiejunas;;6:39;0;5;0;2;2;2;1;1;2;0;0;0;0;0;2;
