03-27;SAC-GSW;105-98;
24-27;23-17;30-22;28-32;
SAC
John Salmons;F;31:35;3;9;1;3;2;3;2;4;6;5;0;0;0;0;9;
Jason Thompson;F;22:42;4;10;0;0;1;2;3;6;9;1;1;1;1;1;9;
DeMarcus Cousins;C;23:24;7;15;0;0;0;4;4;2;6;0;2;0;5;4;14;
Tyreke Evans;G;33:35;4;12;1;4;3;4;1;2;3;5;1;0;1;3;12;
Isaiah Thomas;G;34:45;10;18;7;12;4;6;0;3;3;7;1;0;3;2;31;
Marcus Thornton;;27:40;6;13;1;7;0;0;1;1;2;0;0;0;1;2;13;
Patrick Patterson;;26:37;3;8;0;1;0;0;2;7;9;2;1;0;2;0;6;
Charles Hayes;;23:16;3;3;0;0;0;0;3;4;7;2;0;0;0;1;6;
Toney Douglas;;16:26;1;2;1;1;2;2;0;0;0;2;0;0;2;1;5;
GSW
Harrison Barnes;F;21:40;4;8;1;2;0;0;0;3;3;0;2;0;1;2;9;
David Lee;F;43:12;10;13;0;0;0;0;0;10;10;4;1;0;6;4;20;
Andrew Bogut;C;26:39;6;11;0;0;0;0;5;4;9;2;1;4;1;0;12;
Klay Thompson;G;34:13;1;13;1;8;1;1;0;3;3;4;0;0;2;5;4;
Stephen Curry;G;45:35;5;18;2;9;5;6;2;3;5;12;4;0;3;3;17;
Jarrett Jack;;35:35;6;13;1;3;3;4;0;2;2;7;0;0;0;2;16;
Festus Ezeli;;6:57;0;0;0;0;0;0;1;1;2;0;0;0;0;2;0;
Carl Landry;;18:21;7;9;0;0;2;2;5;2;7;0;1;0;0;0;16;
Kent Bazemore;;4:01;0;3;0;2;0;0;0;0;0;0;0;0;1;1;0;
Draymond Green;;3:47;2;2;0;0;0;0;0;0;0;1;0;0;0;0;4;
