04-12;SAC-SAS;101-108;
13-23;37-37;24-24;27-24;
SAC
John Salmons;F;20:12;0;4;0;1;0;0;1;2;3;3;1;0;1;1;0;
Jason Thompson;F;32:24;8;15;0;0;2;2;3;3;6;1;1;2;0;4;18;
DeMarcus Cousins;C;28:36;6;11;0;0;7;9;4;8;12;1;1;2;2;4;19;
Tyreke Evans;G;21:20;3;9;2;2;1;2;0;1;1;2;0;0;3;0;9;
Isaiah Thomas;G;22:29;3;10;0;2;0;0;0;2;2;3;3;0;2;1;6;
Marcus Thornton;;30:05;4;10;4;7;0;0;0;2;2;2;1;0;1;0;12;
Toney Douglas;;25:31;6;11;3;4;0;0;0;3;3;7;4;0;0;2;15;
Jimmer Fredette;;24:23;5;8;2;3;2;2;0;0;0;2;1;0;1;1;14;
Patrick Patterson;;18:29;4;8;0;1;0;0;0;3;3;2;0;0;1;2;8;
Charles Hayes;;16:31;0;3;0;0;0;0;1;1;2;3;1;0;2;1;0;
SAS
Kawhi Leonard;F;35:05;7;14;0;5;1;2;0;7;7;1;0;2;2;1;15;
Tim Duncan;F;34:20;7;18;0;0;4;5;0;6;6;2;2;5;3;1;18;
Tiago Splitter;C;31:41;4;7;0;0;4;5;2;10;12;6;2;3;0;4;12;
Danny Green;G;32:22;4;6;2;3;2;2;0;5;5;3;0;0;2;0;12;
Tony Parker;G;34:06;9;13;0;0;4;4;0;3;3;10;0;0;5;0;22;
DeJuan Blair;;14:30;3;4;0;0;0;0;2;3;5;1;1;2;1;1;6;
Gary Neal;;28:33;4;8;1;4;1;1;0;1;1;3;0;0;0;2;10;
Nando De Colo;;13:29;1;2;0;0;0;0;0;1;1;2;1;0;2;2;2;
Matt Bonner;;15:04;3;5;3;5;2;2;0;1;1;0;1;0;1;3;11;
Cory Joseph;;0:25;0;0;0;0;0;0;0;0;0;0;0;0;0;0;0;
Aron Baynes;;0:25;0;0;0;0;0;0;0;0;0;0;0;0;0;0;0;
