04-03;PHI-CHA;83-88;
27-19;18-21;16-24;22-24;
PHI
Evan Turner;F;32:48;6;15;0;1;2;2;1;5;6;3;2;0;5;4;14;
Thaddeus Young;F;33:27;2;9;0;0;2;2;1;6;7;0;3;0;2;0;6;
Spencer Hawes;C;33:13;5;9;0;1;2;2;2;5;7;1;1;1;0;2;12;
Damien Wilkins;G;33:16;7;14;0;1;6;8;5;4;9;1;1;0;0;3;20;
Jrue Holiday;G;36:33;2;24;0;5;1;1;3;3;6;8;3;0;3;4;5;
Dorell Wright;;19:15;5;9;4;7;0;0;0;1;1;0;1;0;0;0;14;
Arnett Moultrie;;9:01;2;2;0;0;0;0;3;0;3;0;0;0;2;0;4;
Lavoy Allen;;19:28;2;2;0;0;0;0;3;1;4;2;1;0;1;1;4;
Royal Ivey;;16:06;1;5;0;1;0;1;1;1;2;1;0;0;0;1;2;
Justin Holiday;;6:54;1;5;0;0;0;0;0;2;2;0;0;0;2;1;2;
CHA
Michael Kidd-Gilchrist;F;17:22;2;6;0;0;0;0;2;5;7;0;0;0;3;0;4;
Josh McRoberts;F;42:47;6;7;0;0;0;0;4;12;16;4;1;0;1;3;12;
Bismack Biyombo;C;38:29;2;7;0;0;0;0;3;8;11;0;1;3;0;2;4;
Gerald Henderson;G;36:13;10;18;0;3;4;4;3;1;4;4;2;1;1;2;24;
Kemba Walker;G;39:46;6;14;2;4;3;4;0;5;5;10;5;1;6;2;17;
Jeff Adrien;;2:50;0;3;0;0;0;0;0;0;0;0;1;0;0;0;0;
Ben Gordon;;25:02;2;9;0;3;5;6;0;1;1;3;0;0;2;1;9;
Tyrus Thomas;;11:53;2;9;0;1;2;2;1;1;2;0;1;0;0;1;6;
Jannero Pargo;;8:14;0;1;0;0;0;0;0;1;1;0;0;0;2;1;0;
Reggie Williams;;17:25;5;7;2;3;0;0;0;3;3;1;0;0;2;1;12;
