04-17;UTA-MEM;70-86;
17-17;21-23;13-25;19-21;
UTA
Gordon Hayward;F;30:44;4;8;1;1;0;1;3;0;3;2;1;0;3;1;9;
Paul Millsap;F;27:34;2;7;0;0;2;4;5;3;8;0;1;2;0;4;6;
Al Jefferson;C;40:21;8;19;0;0;6;6;2;14;16;2;0;1;1;5;22;
Randy Foye;G;35:14;1;9;1;5;4;6;1;2;3;2;0;1;0;2;7;
Mo Williams;G;33:04;3;13;0;3;2;5;0;1;1;3;1;0;3;1;8;
Derrick Favors;;26:35;2;9;0;0;0;0;4;7;11;3;3;2;2;0;4;
Marvin Williams;;17:16;2;7;1;2;1;2;2;2;4;1;0;0;0;2;6;
Jamaal Tinsley;;14:56;0;0;0;0;0;0;0;0;0;2;0;0;2;3;0;
Alec Burks;;12:46;3;6;0;0;2;2;0;0;0;0;0;0;1;0;8;
Jeremy Evans;;1:30;0;0;0;0;0;0;0;1;1;0;0;0;0;0;0;
MEM
Tayshaun Prince;F;32:25;1;6;0;1;0;0;0;4;4;2;1;0;2;1;2;
Zach Randolph;F;30:38;10;20;0;0;5;7;6;13;19;2;0;0;1;2;25;
Marc Gasol;C;27:05;2;7;0;0;0;1;4;3;7;2;2;2;1;5;4;
Tony Allen;G;19:40;3;9;0;0;2;2;3;4;7;4;0;0;1;2;8;
Mike Conley;G;31:36;5;11;1;2;3;4;1;2;3;5;0;1;2;1;14;
Ed Davis;;22:24;2;7;0;0;0;0;3;6;9;0;0;4;2;5;4;
Jerryd Bayless;;26:50;1;6;1;4;0;0;0;2;2;3;2;0;0;3;3;
Keyon Dooling;;16:24;2;3;0;1;2;2;0;0;0;2;0;0;1;1;6;
Quincy Pondexter;;8:49;2;3;1;2;0;0;0;1;1;0;1;0;1;2;5;
Darrell Arthur;;15:53;5;9;0;0;1;2;2;1;3;0;0;0;0;1;11;
Austin Daye;;8:16;1;3;1;3;1;2;0;2;2;2;1;1;0;1;4;
