04-14;CLE-PHI;77-91;
19-32;15-21;17-21;26-17;
CLE
Alonzo Gee;F;23:50;1;5;0;1;0;0;2;1;3;0;0;1;2;0;2;
Tristan Thompson;F;26:06;5;10;0;0;2;3;3;9;12;2;0;3;1;1;12;
Tyler Zeller;C;24:29;0;6;0;0;0;0;1;1;2;0;0;0;0;0;0;
Wayne Ellington;G;28:19;4;12;2;5;2;2;0;4;4;1;0;0;3;0;12;
Kyrie Irving;G;18:57;1;6;1;4;1;1;0;3;3;3;1;0;4;5;4;
Omri Casspi;;24:10;2;3;1;1;4;7;0;5;5;2;3;1;1;2;9;
Kevin Jones;;21:54;5;11;0;0;1;2;4;6;10;3;0;0;0;1;11;
Marreese Speights;;23:31;6;12;0;0;0;0;1;3;4;1;1;1;2;1;12;
Dion Waiters;;24:44;5;15;1;4;0;0;1;3;4;2;0;0;6;0;11;
Daniel Gibson;;12:00;1;2;0;1;0;0;1;1;2;5;0;0;0;1;2;
Chris Quinn;;12:00;1;3;0;0;0;0;0;0;0;3;0;0;0;1;2;
PHI
Evan Turner;F;30:51;3;10;1;3;0;0;1;5;6;4;0;1;1;0;7;
Thaddeus Young;F;33:04;5;11;0;0;4;6;3;6;9;4;3;0;2;0;14;
Spencer Hawes;C;35:34;6;11;1;2;1;2;0;5;5;6;2;4;2;4;14;
Damien Wilkins;G;29:50;5;9;1;2;0;0;1;3;4;2;1;0;0;1;11;
Jrue Holiday;G;31:31;6;17;1;3;1;1;2;3;5;4;1;0;2;2;14;
Dorell Wright;;25:19;6;13;3;8;0;0;0;2;2;4;1;1;1;1;15;
Arnett Moultrie;;23:32;5;6;0;0;0;0;3;3;6;0;0;0;3;2;10;
Justin Holiday;;26:29;2;7;1;3;1;2;0;1;1;3;1;2;1;1;6;
Lavoy Allen;;3:50;0;2;0;0;0;0;0;1;1;0;0;1;0;1;0;
