04-01;IND-LAC;109-106;
29-21;22-22;30-22;28-41;
IND
Paul George;F;42:56;7;15;2;7;7;9;1;5;6;10;4;1;1;2;23;
David West;F;35:38;7;14;0;0;2;2;1;6;7;6;2;1;4;3;16;
Roy Hibbert;C;32:16;11;14;0;0;4;7;5;5;10;2;1;1;0;6;26;
Lance Stephenson;G;36:29;5;9;1;3;2;2;1;2;3;2;0;0;1;3;13;
George Hill;G;38:03;4;8;3;7;2;2;0;2;2;4;0;1;2;2;13;
Tyler Hansbrough;;13:57;0;1;0;0;2;2;0;2;2;0;0;0;1;3;2;
Orlando Johnson;;11:25;2;3;2;3;0;0;0;2;2;2;0;0;2;1;6;
Ian Mahinmi;;13:50;0;1;0;0;0;2;1;2;3;1;1;0;1;2;0;
D.J. Augustin;;10:03;3;5;2;3;2;2;0;0;0;0;0;0;1;1;10;
Sam Young;;5:08;0;1;0;0;0;0;0;0;0;2;0;0;1;1;0;
Jeff Ayres;;0:15;0;0;0;0;0;0;0;0;0;0;0;0;0;1;0;
LAC
Caron Butler;F;17:58;4;7;0;2;2;2;1;0;1;2;0;0;2;2;10;
Blake Griffin;F;28:22;8;13;0;0;1;1;2;3;5;0;1;0;2;1;17;
DeAndre Jordan;C;15:55;0;2;0;0;0;2;1;4;5;0;0;0;1;2;0;
Willie Green;G;20:16;4;5;1;1;0;1;1;0;1;2;1;0;1;1;9;
Chris Paul;G;30:38;2;12;0;1;6;6;0;2;2;8;1;0;4;4;10;
Ryan Hollins;;31:25;4;5;0;0;3;3;3;3;6;1;0;0;2;5;11;
Matt Barnes;;26:39;3;4;2;3;0;0;1;4;5;1;0;0;0;5;8;
Jamal Crawford;;27:45;8;19;2;6;7;7;0;0;0;3;1;0;2;1;25;
Lamar Odom;;19:54;3;6;0;2;3;3;4;6;10;2;3;1;0;1;9;
Eric Bledsoe;;21:08;3;7;0;1;1;1;1;0;1;5;0;0;0;1;7;
