03-29;HOU-MEM;94-103;
29-31;24-30;16-23;25-19;
HOU
Chandler Parsons;F;25:47;5;9;3;5;3;4;0;2;2;1;0;1;0;0;16;
Donatas Motiejunas;F;21:54;7;11;2;3;0;0;1;1;2;0;0;0;3;4;16;
Omer Asik;C;22:26;3;5;0;0;0;0;1;3;4;1;0;0;1;2;6;
James Harden;G;26:43;3;9;1;4;0;0;0;1;1;4;2;0;1;1;7;
Jeremy Lin;G;23:11;3;9;0;1;2;2;0;1;1;3;2;1;2;2;8;
Thomas Robinson;;20:08;2;10;0;0;1;2;4;2;6;1;0;0;1;5;5;
Greg Smith;;25:17;1;1;0;0;0;2;5;4;9;0;2;0;0;5;2;
Patrick Beverley;;24:49;2;7;1;4;4;4;3;2;5;3;1;2;3;2;9;
Carlos Delfino;;28:28;4;11;2;7;5;5;0;3;3;2;2;0;2;3;15;
James Anderson;;21:17;4;9;0;3;2;2;1;1;2;4;1;1;1;2;10;
MEM
Tayshaun Prince;F;39:31;4;9;0;0;2;2;0;8;8;2;0;0;1;2;10;
Zach Randolph;F;33:43;6;12;0;0;9;10;6;6;12;3;0;0;2;4;21;
Marc Gasol;C;38:56;8;12;0;0;5;5;0;5;5;4;0;1;2;2;21;
Tony Allen;G;27:04;8;12;0;0;0;0;2;2;4;0;2;0;3;1;16;
Mike Conley;G;36:35;5;11;2;3;3;4;0;3;3;10;4;0;1;2;15;
Quincy Pondexter;;15:50;0;5;0;2;0;0;2;1;3;0;1;0;1;3;0;
Darrell Arthur;;8:47;1;3;0;0;0;0;0;1;1;0;0;1;0;0;2;
Jerryd Bayless;;25:17;6;11;2;6;0;0;0;2;2;4;1;1;4;3;14;
Ed Davis;;14:17;2;4;0;0;0;0;3;1;4;1;0;1;0;2;4;
