03-22;OKC-ORL;97-89;
22-14;25-20;23-32;27-23;
OKC
Kevin Durant;F;40:48;7;14;2;3;9;11;1;7;8;2;3;2;5;1;25;
Serge Ibaka;F;35:48;5;11;0;2;4;6;6;7;13;0;1;5;1;1;14;
Kendrick Perkins;C;26:26;3;7;0;0;0;0;0;5;5;1;0;2;0;1;6;
Thabo Sefolosha;G;27:15;2;9;0;4;1;2;0;5;5;1;1;0;1;3;5;
Russell Westbrook;G;34:55;7;17;0;2;5;7;0;6;6;9;2;2;3;3;19;
Kevin Martin;;25:10;5;10;3;6;2;2;1;2;3;2;0;0;1;1;15;
Nick Collison;;18:54;4;5;0;0;3;5;0;3;3;1;1;0;0;2;11;
Reggie Jackson;;14:43;1;3;0;2;0;0;2;1;3;0;0;0;1;0;2;
Derek Fisher;;12:12;0;3;0;1;0;0;0;3;3;1;0;0;1;1;0;
DeAndre Liggins;;3:49;0;1;0;1;0;0;0;0;0;0;0;0;0;1;0;
ORL
Maurice Harkless;F;44:53;11;18;2;3;1;1;3;6;9;1;4;4;2;3;25;
Tobias Harris;F;43:09;3;17;0;2;4;4;3;12;15;3;0;1;3;6;10;
Kyle O'Quinn;C;26:47;5;11;0;0;1;2;3;6;9;0;1;0;3;3;11;
Arron Afflalo;G;12:37;3;6;0;2;0;0;1;2;3;1;0;0;2;2;6;
Jameer Nelson;G;40:59;7;17;2;7;0;0;1;4;5;10;0;0;1;3;16;
Andrew Nicholson;;21:00;2;7;0;0;0;0;0;0;0;0;1;0;1;2;4;
Beno Udrih;;36:21;5;10;1;2;2;3;0;3;3;5;2;0;2;4;13;
E'Twaun Moore;;10:30;1;4;0;0;0;0;0;0;0;0;2;0;0;1;2;
DeQuan Jones;;2:34;0;1;0;0;0;0;0;0;0;0;0;0;0;1;0;
Doron Lamb;;1:11;1;1;0;0;0;0;0;0;0;0;0;0;0;1;2;
