04-17;ATL-NYK;92-98;
16-25;23-20;29-29;24-24;
ATL
John Jenkins;F;39:22;8;19;0;6;4;5;0;3;3;3;1;0;2;0;20;
Ivan Johnson;F;20:13;6;6;0;0;0;0;3;5;8;1;2;0;2;2;12;
Mike Scott;C;36:15;10;22;0;0;3;3;5;9;14;1;0;0;0;3;23;
Shelvin Mack;G;35:17;6;11;0;3;2;2;0;4;4;4;2;0;4;2;14;
DeShawn Stevenson;G;23:47;1;11;0;6;0;0;1;2;3;1;1;0;0;0;2;
Anthony Tolliver;;32:43;2;9;2;6;2;2;3;1;4;0;0;1;1;2;8;
Dahntay Jones;;31:55;3;9;0;0;5;5;3;3;6;2;0;0;1;2;11;
Johan Petro;;20:28;1;3;0;0;0;0;0;11;11;2;1;1;2;4;2;
NYK
Chris Copeland;F;40:17;14;29;1;4;4;8;3;0;3;1;1;2;3;3;33;
James White;F;43:39;8;15;3;6;1;1;0;6;6;3;3;0;2;4;20;
Earl Barron;C;36:30;5;14;0;0;1;2;6;12;18;2;0;1;1;1;11;
Pablo Prigioni;G;11:09;3;3;2;2;0;0;1;4;5;3;1;0;1;1;8;
Iman Shumpert;G;38:23;7;11;1;2;3;3;1;6;7;8;2;0;3;3;18;
Steve Novak;;41:07;1;8;1;6;0;0;0;1;1;3;1;0;0;3;3;
Quentin Richardson;;28:55;1;11;1;4;2;2;5;5;10;1;0;0;2;1;5;
