04-09;CHA-MEM;75-94;
19-28;21-21;17-14;18-31;
CHA
Michael Kidd-Gilchrist;F;27:23;3;7;0;0;0;1;2;4;6;1;0;0;2;3;6;
Josh McRoberts;F;41:24;3;11;0;1;2;2;4;4;8;2;0;2;1;2;8;
Bismack Biyombo;C;37:32;1;7;0;0;1;1;2;10;12;1;0;3;1;2;3;
Gerald Henderson;G;40:50;6;16;0;1;1;1;1;5;6;2;0;0;1;2;13;
Kemba Walker;G;34:27;9;17;0;5;1;1;1;1;2;3;0;0;1;2;19;
Jeff Adrien;;7:16;1;2;0;0;0;0;1;3;4;1;0;1;0;1;2;
Ben Gordon;;15:51;0;4;0;1;3;4;0;1;1;0;0;0;0;3;3;
Jannero Pargo;;14:06;4;9;2;5;0;0;0;0;0;1;0;0;2;1;10;
Tyrus Thomas;;9:48;2;4;0;0;1;1;0;3;3;1;1;0;1;1;5;
Reggie Williams;;7:10;1;2;0;1;0;2;0;1;1;1;0;0;1;0;2;
Jeff Taylor;;4:13;0;1;0;0;4;5;0;1;1;0;1;0;0;0;4;
MEM
Tayshaun Prince;F;30:12;4;8;0;1;0;1;0;3;3;1;0;0;0;1;8;
Zach Randolph;F;26:19;5;14;0;1;1;3;6;7;13;2;1;1;3;1;11;
Marc Gasol;C;31:12;4;11;0;0;0;1;1;5;6;1;0;3;0;2;8;
Tony Allen;G;23:33;3;8;0;0;2;2;1;3;4;0;1;0;0;1;8;
Mike Conley;G;35:48;8;13;0;3;4;5;0;2;2;7;2;1;0;1;20;
Quincy Pondexter;;23:29;3;8;2;4;0;0;1;1;2;2;0;0;0;1;8;
Ed Davis;;23:16;3;5;0;0;2;3;2;4;6;1;0;1;1;2;8;
Keyon Dooling;;12:12;1;4;0;1;0;0;0;0;0;0;1;0;1;1;2;
Austin Daye;;16:25;4;6;1;3;1;2;1;6;7;1;0;1;0;3;10;
Jon Leuer;;12:40;4;4;0;0;3;3;0;5;5;2;1;0;0;0;11;
Tony Wroten;;2:27;0;0;0;0;0;0;0;0;0;0;0;0;0;2;0;
Dexter Pittman;;2:27;0;1;0;0;0;0;0;0;0;0;0;0;1;1;0;
