03-23;BKN-LAC;95-101;
24-25;25-22;26-23;20-31;
BKN
Gerald Wallace;F;35:43;5;8;2;4;3;4;0;3;3;5;3;0;1;1;15;
Reggie Evans;F;37:10;1;4;0;0;5;6;3;13;16;1;1;0;1;2;7;
Brook Lopez;C;32:54;9;14;0;0;0;2;1;1;2;3;1;1;2;3;18;
Joe Johnson;G;34:02;6;18;0;7;3;4;3;0;3;3;0;0;1;2;15;
Deron Williams;G;38:19;6;16;2;8;4;4;0;2;2;9;2;0;3;5;18;
Andray Blatche;;14:53;0;3;0;0;3;4;1;1;2;2;0;0;2;1;3;
Keith Bogans;;20:12;3;3;3;3;0;0;0;1;1;2;0;0;3;2;9;
Kris Humphries;;10:28;0;1;0;0;0;0;2;0;2;1;1;1;1;3;0;
CJ Watson;;13:24;4;6;2;3;0;0;0;2;2;1;1;0;1;1;10;
MarShon Brooks;;2:55;0;1;0;0;0;0;0;0;0;0;0;0;0;1;0;
LAC
Caron Butler;F;26:11;2;8;2;5;2;2;0;3;3;1;0;0;2;1;8;
Blake Griffin;F;38:31;4;11;1;1;2;5;2;5;7;4;0;0;4;4;11;
DeAndre Jordan;C;35:06;6;6;0;0;1;3;5;7;12;1;1;3;2;1;13;
Willie Green;G;20:36;6;8;3;4;0;0;0;3;3;0;2;0;0;2;15;
Chris Paul;G;40:41;8;16;1;4;12;13;0;3;3;11;2;2;2;2;29;
Jamal Crawford;;24:02;6;12;1;6;0;0;0;0;0;1;2;0;1;1;13;
Lamar Odom;;16:09;0;3;0;0;0;0;2;3;5;0;1;0;0;5;0;
Matt Barnes;;22:37;2;8;1;4;0;0;1;5;6;0;2;1;1;5;5;
Eric Bledsoe;;10:21;3;7;0;2;1;1;2;0;2;1;1;0;1;0;7;
Ryan Hollins;;5:47;0;0;0;0;0;0;0;0;0;0;0;0;2;2;0;
