04-12;BKN-IND;117-109;
34-27;35-23;23-35;25-24;
BKN
Keith Bogans;F;24:26;0;3;0;3;0;0;0;2;2;3;0;0;1;3;0;
Reggie Evans;F;24:27;1;3;0;0;1;2;2;10;12;0;1;0;1;4;3;
Brook Lopez;C;35:47;10;16;0;0;4;6;2;4;6;0;0;5;4;5;24;
Joe Johnson;G;39:05;9;17;4;8;2;2;2;4;6;4;3;0;3;1;24;
Deron Williams;G;41:42;10;23;5;10;8;10;1;1;2;14;1;1;5;3;33;
Jerry Stackhouse;;23:49;4;6;1;1;4;4;0;1;1;2;0;0;0;0;13;
CJ Watson;;15:13;4;6;2;3;0;0;0;0;0;1;2;0;0;1;10;
Kris Humphries;;15:21;1;2;0;0;2;2;2;2;4;0;0;0;0;5;4;
Andray Blatche;;20:10;3;6;0;0;0;0;3;3;6;0;1;0;0;2;6;
IND
Paul George;F;43:00;7;17;3;7;4;4;1;3;4;4;1;3;4;4;21;
David West;F;38:16;11;13;0;0;4;4;0;9;9;2;3;1;4;4;26;
Roy Hibbert;C;31:47;7;15;0;0;4;4;5;5;10;1;0;2;0;3;18;
Lance Stephenson;G;36:02;5;9;2;4;1;6;2;2;4;6;2;1;3;6;13;
George Hill;G;36:16;5;15;3;7;4;4;1;0;1;10;1;0;0;3;17;
Tyler Hansbrough;;17:42;3;7;0;0;3;3;3;0;3;0;1;0;3;2;9;
Sam Young;;16:51;1;2;0;0;0;0;0;2;2;0;1;0;1;2;2;
D.J. Augustin;;11:44;0;1;0;1;1;1;0;0;0;2;0;0;1;0;1;
Ian Mahinmi;;8:01;1;1;0;0;0;0;0;2;2;0;0;0;0;0;2;
Orlando Johnson;;0:22;0;0;0;0;0;0;0;0;0;0;0;0;0;0;0;
