04-07;WAS-BOS;96-107;
27-28;25-28;19-31;25-20;
WAS
Martell Webster;F;25:07;4;11;3;7;1;1;2;4;6;2;1;0;2;2;12;
Nene;F;26:27;3;9;0;0;1;2;0;5;5;3;0;0;3;4;7;
Emeka Okafor;C;26:31;3;6;0;0;2;5;4;5;9;2;0;1;0;1;8;
Garrett Temple;G;24:00;3;6;1;2;0;0;0;1;1;2;1;2;0;1;7;
John Wall;G;39:44;8;20;0;3;0;0;0;3;3;10;1;0;3;3;16;
Trevor Ariza;;22:41;6;12;2;6;0;0;1;0;1;0;3;0;2;1;14;
Kevin Seraphin;;25:14;5;6;0;0;0;0;2;2;4;1;0;1;4;1;10;
A.J. Price;;24:23;4;11;3;6;4;4;0;0;0;2;0;0;1;0;15;
Trevor Booker;;6:18;1;2;0;0;0;0;3;2;5;1;0;0;1;0;2;
Cartier Martin;;8:08;1;4;1;2;0;0;0;1;1;0;0;0;0;2;3;
Jan Vesely;;9:29;1;1;0;0;0;0;0;1;1;0;2;2;0;2;2;
Chris Singleton;;1:58;0;0;0;0;0;0;0;0;0;0;0;0;0;0;0;
BOS
Jeff Green;F;27:20;3;8;0;0;2;2;0;3;3;0;2;0;4;4;8;
Brandon Bass;F;35:48;9;12;0;0;2;2;2;4;6;1;1;1;0;1;20;
Kevin Garnett;C;23:59;6;9;0;0;0;0;0;6;6;3;2;1;0;0;12;
Paul Pierce;G;30:05;5;13;3;6;2;2;1;3;4;5;0;0;1;2;15;
Avery Bradley;G;29:52;5;13;0;2;0;0;0;2;2;3;1;0;0;2;10;
Shavlik Randolph;;15:27;2;2;0;0;4;7;2;5;7;0;1;0;0;1;8;
Jason Terry;;22:31;4;6;1;2;0;0;0;2;2;5;0;0;2;2;9;
Courtney Lee;;17:48;1;4;0;0;4;4;0;2;2;5;0;0;2;2;6;
Chris Wilcox;;20:02;6;7;0;0;1;2;1;4;5;2;2;0;2;2;13;
Jordan Crawford;;16:19;2;3;0;1;2;2;0;1;1;2;2;0;3;3;6;
Terrence Williams;;0:49;0;0;0;0;0;0;0;0;0;0;0;0;0;0;0;
