03-30;IND-PHX;112-104;
27-21;30-28;29-27;26-28;
IND
Paul George;F;42:37;7;14;2;7;9;12;1;3;4;4;4;2;4;3;25;
David West;F;34:52;6;11;0;0;2;2;4;3;7;4;2;0;5;4;14;
Roy Hibbert;C;29:08;7;17;0;0;6;10;4;3;7;1;0;1;3;5;20;
Lance Stephenson;G;36:40;6;12;1;3;3;4;0;6;6;3;3;1;1;2;16;
George Hill;G;34:18;4;8;1;3;6;7;1;4;5;3;0;0;0;0;15;
Tyler Hansbrough;;13:08;1;3;0;0;3;4;4;2;6;0;0;0;0;0;5;
Orlando Johnson;;11:20;1;4;0;1;1;1;1;1;2;0;1;0;0;2;3;
D.J. Augustin;;13:42;2;4;0;1;4;4;0;1;1;1;1;0;0;0;8;
Ian Mahinmi;;18:52;3;6;0;0;0;2;4;2;6;1;1;1;1;4;6;
Sam Young;;5:23;0;1;0;0;0;0;0;1;1;1;0;0;0;0;0;
PHX
PJ Tucker;F;32:54;5;9;1;3;0;0;3;0;3;3;1;0;1;0;11;
Markieff Morris;F;32:02;8;12;0;0;2;2;0;4;4;2;2;1;2;2;18;
Luis Scola;C;15:55;3;6;0;0;2;2;0;2;2;0;0;1;0;3;8;
Wesley Johnson;G;30:13;4;10;1;4;2;2;1;2;3;3;0;0;3;3;11;
Goran Dragic;G;37:51;8;13;2;2;3;4;0;4;4;9;1;0;5;6;21;
Michael Beasley;;24:28;5;11;0;0;0;0;0;6;6;3;2;0;1;4;10;
Jermaine O'Neal;;18:17;4;11;0;0;5;5;2;3;5;1;1;1;1;2;13;
Jared Dudley;;25:46;2;7;2;2;4;4;1;0;1;4;0;0;1;5;10;
Hamed Haddadi;;5:18;0;1;0;0;0;0;1;2;3;0;0;0;1;1;0;
Kendall Marshall;;10:09;0;1;0;1;0;0;0;1;1;4;1;0;1;4;0;
Marcus Morris;;7:07;1;1;0;0;0;0;1;2;3;1;0;0;0;0;2;
