03-21;MIN-SAC;98-101;
26-25;31-28;20-26;21-22;
MIN
Andrei Kirilenko;F;26:53;3;9;0;2;0;0;1;3;4;3;0;0;1;4;6;
Derrick Williams;F;25:33;6;16;0;3;0;0;2;1;3;1;0;1;0;0;12;
Nikola Pekovic;C;34:07;6;12;0;0;6;8;7;5;12;0;1;0;1;4;18;
Luke Ridnour;G;30:20;1;7;0;1;2;2;1;1;2;4;1;0;1;1;4;
Ricky Rubio;G;32:13;4;13;0;3;4;4;0;7;7;9;3;0;1;4;12;
Chase Budinger;;17:30;3;7;1;3;2;2;1;3;4;0;1;0;0;1;9;
Alexey Shved;;16:23;3;8;0;4;0;0;0;2;2;4;0;0;3;2;6;
Jose Juan Barea;;20:42;5;11;0;2;1;2;1;3;4;6;0;0;2;3;11;
Dante Cunningham;;24:48;6;11;0;1;0;0;2;3;5;0;1;0;3;3;12;
Greg Stiemsma;;11:33;4;4;0;0;0;0;2;0;2;0;0;1;0;1;8;
SAC
John Salmons;F;43:21;5;11;0;3;3;3;0;5;5;3;1;0;1;1;13;
Jason Thompson;F;21:07;2;5;0;0;0;0;0;4;4;0;0;1;1;4;4;
DeMarcus Cousins;C;27:54;6;12;0;0;3;5;2;12;14;2;0;1;4;5;15;
Tyreke Evans;G;38:30;8;11;1;3;4;5;0;5;5;5;0;0;3;2;21;
Isaiah Thomas;G;35:14;8;15;3;6;5;5;0;3;3;6;0;0;1;2;24;
Patrick Patterson;;31:17;5;10;1;3;0;0;1;3;4;2;2;2;1;1;11;
Marcus Thornton;;9:30;1;2;0;1;0;0;0;1;1;1;0;0;0;0;2;
Jimmer Fredette;;5:35;2;3;0;0;0;0;0;0;0;0;0;0;2;1;4;
Charles Hayes;;5:35;0;1;0;0;0;0;1;1;2;2;0;0;0;1;0;
Toney Douglas;;11:50;2;3;1;2;0;0;0;0;0;0;1;0;1;4;5;
Cole Aldrich;;10:07;1;2;0;0;0;0;0;2;2;0;0;2;2;2;2;
