03-30;LAC-HOU;81-98;
29-28;21-27;13-30;18-13;
LAC
Caron Butler;F;16:42;2;10;1;3;0;0;1;0;1;1;0;0;2;1;5;
Blake Griffin;F;28:14;5;11;0;0;2;2;1;2;3;2;0;1;2;2;12;
DeAndre Jordan;C;21:25;4;5;0;0;0;0;3;2;5;1;0;1;3;3;8;
Willie Green;G;19:54;2;6;2;2;0;0;0;0;0;1;0;0;2;2;6;
Chris Paul;G;32:22;7;15;2;3;3;3;0;5;5;7;3;0;1;5;19;
Jamal Crawford;;28:06;6;14;1;6;2;2;0;3;3;0;1;0;0;1;15;
Ryan Hollins;;23:09;2;3;0;0;2;2;2;6;8;0;0;3;2;5;6;
Matt Barnes;;19:30;1;5;1;5;1;2;0;3;3;1;2;1;1;5;4;
Lamar Odom;;5:56;0;1;0;1;0;0;0;3;3;0;0;1;0;0;0;
Eric Bledsoe;;24:39;1;4;0;1;0;0;0;5;5;2;3;0;2;0;2;
Grant Hill;;13:50;1;3;0;0;0;1;0;2;2;0;1;0;2;1;2;
Maalik Wayns;;3:12;0;1;0;1;2;2;0;0;0;0;0;0;1;1;2;
Ronny Turiaf;;3:01;0;0;0;0;0;0;0;0;0;0;0;0;0;0;0;
HOU
Chandler Parsons;F;34:14;6;15;2;5;1;2;2;7;9;4;1;1;2;3;15;
Greg Smith;F;30:23;3;7;0;0;3;4;2;6;8;0;0;0;0;1;9;
Omer Asik;C;33:51;6;9;0;0;1;4;2;10;12;2;1;2;2;1;13;
James Anderson;G;26:14;2;8;0;1;3;4;1;4;5;2;2;0;4;1;7;
Jeremy Lin;G;31:20;4;10;1;2;6;8;0;0;0;3;0;1;6;4;15;
Patrick Beverley;;16:40;3;7;1;3;2;2;2;2;4;3;0;0;1;4;9;
Donatas Motiejunas;;8:54;2;4;0;0;0;0;3;1;4;0;0;0;0;1;4;
Carlos Delfino;;22:54;4;8;2;5;1;1;0;2;2;2;2;0;2;1;11;
Francisco Garcia;;27:13;5;10;3;7;2;2;0;1;1;1;1;1;1;1;15;
Tim Ohlbrecht;;3:12;0;0;0;0;0;0;0;1;1;0;0;0;2;0;0;
Thomas Robinson;;2:33;0;0;0;0;0;0;0;2;2;0;0;0;0;0;0;
Aaron Brooks;;2:33;0;2;0;1;0;0;0;0;0;0;0;0;0;1;0;
