04-12;MIL-ATL;104-109;
30-24;24-16;28-35;22-34;
MIL
Marquis Daniels;F;16:37;1;5;0;2;0;0;1;4;5;0;0;0;1;1;2;
Ersan Ilyasova;F;27:56;9;15;6;8;1;1;1;6;7;1;1;0;0;3;25;
John Henson;C;25:46;3;8;0;0;2;4;5;3;8;1;3;2;3;1;8;
JJ Redick;G;30:00;3;11;2;6;2;2;0;0;0;2;0;0;4;1;10;
Monta Ellis;G;44:12;9;23;5;9;4;5;0;8;8;17;5;0;4;4;27;
Mike Dunleavy;;24:38;3;8;1;4;0;0;1;3;4;3;0;0;5;3;7;
Ekpe Udoh;;24:14;3;9;0;0;2;2;5;4;9;0;1;2;0;2;8;
Luc Mbah a Moute;;24:49;3;6;1;2;0;2;0;6;6;0;2;0;0;2;7;
Ish Smith;;21:48;4;7;2;2;0;0;0;1;1;3;2;0;1;2;10;
ATL
Kyle Korver;F;24:39;2;5;2;5;2;3;0;5;5;1;2;1;1;2;8;
Josh Smith;F;37:42;11;17;0;2;2;4;1;5;6;3;4;2;0;0;24;
Al Horford;C;43:18;8;17;0;0;2;2;6;11;17;6;1;0;3;2;18;
Devin Harris;G;33:16;5;19;3;10;6;7;0;4;4;5;3;0;4;1;19;
Jeff Teague;G;40:04;10;15;0;1;4;5;1;2;3;10;1;0;5;3;24;
DeShawn Stevenson;;14:34;1;1;1;1;0;0;0;3;3;0;0;0;1;1;3;
John Jenkins;;16:40;2;4;0;1;0;1;0;1;1;0;0;0;0;1;4;
Ivan Johnson;;25:51;4;6;0;0;1;3;0;6;6;1;3;2;1;1;9;
Shelvin Mack;;0:04;0;0;0;0;0;0;0;0;0;0;0;0;0;1;0;
Dahntay Jones;;3:52;0;1;0;0;0;0;0;1;1;0;0;0;2;1;0;
