03-21;PHI-DEN;100-101;
22-17;22-34;27-24;29-26;
PHI
Evan Turner;F;31:08;6;12;0;2;0;2;0;4;4;0;2;0;6;3;12;
Thaddeus Young;F;34:21;9;15;0;0;0;0;0;1;1;1;2;0;2;3;18;
Spencer Hawes;C;38:09;8;11;1;2;0;0;2;10;12;5;0;4;3;6;17;
Damien Wilkins;G;39:13;10;15;2;4;2;4;0;1;1;2;4;0;3;3;24;
Jrue Holiday;G;37:43;6;12;3;5;3;3;0;6;6;15;4;1;5;3;18;
Arnett Moultrie;;21:53;3;6;0;0;2;2;5;3;8;2;0;0;1;2;8;
Royal Ivey;;17:24;1;4;1;3;0;0;0;0;0;1;0;0;0;0;3;
Dorell Wright;;14:30;0;2;0;2;0;0;0;1;1;1;1;0;2;1;0;
Charles Jenkins;;5:39;0;1;0;0;0;0;0;1;1;0;0;0;0;1;0;
DEN
Danilo Gallinari;F;35:54;3;10;2;3;4;4;0;4;4;2;1;0;7;1;12;
Kenneth Faried;F;26:17;4;9;0;0;0;0;2;5;7;1;0;1;0;1;8;
Kosta Koufos;C;21:47;2;6;0;0;1;2;4;4;8;1;0;3;1;3;5;
Andre Iguodala;G;40:26;5;9;0;1;3;4;2;2;4;4;2;1;4;2;13;
Andre Miller;G;39:36;9;14;0;1;3;5;1;2;3;8;1;0;2;4;21;
Corey Brewer;;32:32;10;18;5;6;4;5;0;1;1;0;5;1;0;5;29;
JaVale McGee;;16:08;1;3;0;0;4;5;2;1;3;1;1;1;4;3;6;
Anthony Randolph;;21:11;3;6;0;0;1;2;0;3;3;0;3;1;1;0;7;
Evan Fournier;;6:09;0;1;0;0;0;0;0;1;1;1;0;0;0;0;0;
