04-07;CHI-DET;85-99;
26-23;20-27;21-25;18-24;
CHI
Jimmy Butler;F;44:55;5;8;2;2;2;4;2;2;4;2;1;1;1;0;14;
Carlos Boozer;F;40:50;10;18;0;0;1;1;1;9;10;3;2;0;3;3;21;
Joakim Noah;C;21:25;4;4;0;0;5;8;2;5;7;3;1;1;1;1;13;
Kirk Hinrich;G;37:49;2;8;0;3;3;4;1;4;5;8;3;0;4;5;7;
Nate Robinson;G;34:05;8;19;1;5;1;2;0;2;2;1;0;0;1;5;18;
Nazr Mohammed;;17:09;1;4;0;0;0;0;1;1;2;0;0;2;0;1;2;
Marco Belinelli;;20:27;0;2;0;1;0;2;0;0;0;2;0;0;0;2;0;
Vladimir Radmanovic;;15:17;1;5;0;3;2;2;1;2;3;0;0;0;0;1;4;
Daequan Cook;;5:41;1;4;0;1;0;0;0;0;0;0;0;1;1;0;2;
Marquis Teague;;1:11;0;0;0;0;0;0;0;0;0;1;0;0;0;0;0;
Malcolm Thomas;;1:11;1;1;0;0;2;2;0;0;0;0;0;0;0;0;4;
DET
Kyle Singler;F;21:02;3;6;2;3;0;0;0;1;1;0;1;1;0;2;8;
Greg Monroe;F;32:17;5;11;0;0;1;2;2;5;7;7;0;0;2;2;11;
Andre Drummond;C;20:01;1;2;0;0;1;2;1;9;10;0;1;0;1;5;3;
Rodney Stuckey;G;35:45;5;12;1;2;3;3;1;1;2;5;1;0;2;2;14;
Brandon Knight;G;37:19;7;12;1;4;5;7;0;2;2;5;0;0;3;2;20;
Khris Middleton;;32:36;4;7;2;2;0;0;0;3;3;2;2;0;0;4;10;
Jonas Jerebko;;27:07;7;8;1;2;2;2;2;7;9;0;1;0;2;1;17;
Charlie Villanueva;;14:51;5;11;2;5;0;0;1;3;4;1;0;1;1;3;12;
Will Bynum;;17:18;2;4;0;0;0;1;1;1;2;5;0;0;2;2;4;
Kim English;;0:52;0;0;0;0;0;0;0;0;0;0;0;0;0;0;0;
Viacheslav Kravtsov;;0:52;0;0;0;0;0;0;0;0;0;0;0;0;0;0;0;
