04-07;MEM-SAC;89-87;
25-16;18-28;25-20;21-23;
MEM
Tayshaun Prince;F;29:54;1;5;0;0;1;2;0;5;5;2;2;1;3;0;3;
Zach Randolph;F;35:49;4;13;0;0;1;2;2;5;7;0;0;0;1;4;9;
Marc Gasol;C;34:00;4;10;0;1;7;9;3;7;10;4;0;5;2;4;15;
Tony Allen;G;35:22;5;8;0;0;2;4;0;6;6;2;2;3;0;2;12;
Mike Conley;G;37:35;9;14;2;2;5;6;0;3;3;4;2;0;4;2;25;
Quincy Pondexter;;22:33;7;13;1;3;2;2;1;4;5;1;2;0;1;3;17;
Ed Davis;;17:45;0;4;0;0;2;2;2;5;7;0;1;2;1;4;2;
Keyon Dooling;;10:34;1;3;0;1;2;2;0;0;0;2;0;0;1;1;4;
Tony Wroten;;5:20;1;1;0;0;0;0;0;1;1;1;0;0;1;2;2;
Jon Leuer;;6:35;0;2;0;0;0;0;0;0;0;0;0;0;0;2;0;
Austin Daye;;4:33;0;0;0;0;0;0;0;1;1;1;0;1;0;1;0;
SAC
John Salmons;F;19:37;1;4;0;2;0;0;0;0;0;2;1;0;1;1;2;
Jason Thompson;F;18:38;1;5;0;0;0;0;1;3;4;0;1;0;2;5;2;
DeMarcus Cousins;C;29:55;9;15;0;1;4;4;0;9;9;0;1;0;1;3;22;
Tyreke Evans;G;24:38;1;7;0;2;3;4;1;4;5;0;0;0;2;3;5;
Isaiah Thomas;G;31:41;5;13;1;4;7;10;2;4;6;8;1;0;2;1;18;
Marcus Thornton;;31:21;2;13;2;8;0;0;0;1;1;3;1;0;1;1;6;
Charles Hayes;;29:19;2;4;0;0;0;0;4;5;9;3;0;2;0;3;4;
Cole Aldrich;;15:22;0;3;0;0;1;2;0;2;2;0;0;2;0;2;1;
Toney Douglas;;24:29;5;10;2;4;2;2;1;3;4;2;4;0;1;3;14;
Jimmer Fredette;;14:60;3;7;2;4;5;6;1;0;1;0;0;0;4;2;13;
