03-31;MIA-SAS;88-86;
22-24;18-21;31-19;17-22;
MIA
Udonis Haslem;F;20:52;4;7;0;0;0;0;2;5;7;0;0;0;0;2;8;
Rashard Lewis;F;30:25;3;11;1;6;0;0;0;3;3;3;1;4;1;2;7;
Chris Bosh;C;36:39;9;15;3;5;2;2;1;8;9;3;0;2;2;2;23;
Mike Miller;G;24:20;4;8;4;6;0;0;0;3;3;5;0;0;0;2;12;
Norris Cole;G;42:54;4;12;0;2;5;7;0;1;1;4;1;0;2;3;13;
Shane Battier;;27:09;2;5;2;4;0;0;0;2;2;1;3;1;0;0;6;
Ray Allen;;30:50;6;12;2;5;0;0;0;3;3;5;0;0;4;1;14;
Chris Andersen;;17:42;1;1;0;0;2;4;0;5;5;1;0;1;1;2;4;
Joel Anthony;;3:43;0;0;0;0;1;2;0;0;0;0;1;0;0;0;1;
James Jones;;5:26;0;0;0;0;0;0;0;0;0;1;1;0;0;1;0;
SAS
Kawhi Leonard;F;37:22;8;13;1;3;0;0;5;6;11;1;2;0;1;1;17;
Tim Duncan;F;35:05;8;15;0;0;1;3;3;9;12;4;1;2;2;0;17;
Tiago Splitter;C;28:00;2;4;0;0;3;6;3;7;10;2;2;0;2;2;7;
Danny Green;G;31:42;4;14;3;9;1;3;0;3;3;2;1;0;1;4;12;
Tony Parker;G;36:44;4;14;0;3;4;4;0;5;5;8;0;0;1;1;12;
Boris Diaw;;18:54;1;2;0;1;0;0;0;4;4;3;0;0;2;0;2;
Gary Neal;;18:27;2;8;1;5;0;0;0;1;1;2;1;0;0;1;5;
Nando De Colo;;11:16;1;1;1;1;0;0;0;1;1;2;0;0;1;1;3;
Stephen Jackson;;14:34;5;8;1;2;0;0;1;0;1;1;0;0;1;3;11;
Matt Bonner;;7:56;0;0;0;0;0;0;1;0;1;1;0;0;1;0;0;
