04-14;CHI-MIA;93-105;
22-30;32-26;23-30;16-19;
CHI
Marco Belinelli;F;29:38;2;9;1;5;2;3;1;0;1;3;0;0;0;2;7;
Luol Deng;F;35:10;8;18;2;6;1;1;0;2;2;3;1;0;3;3;19;
Carlos Boozer;C;38:32;5;14;0;0;6;7;6;14;20;3;2;0;4;3;16;
Jimmy Butler;G;35:01;2;7;1;3;8;9;1;4;5;1;1;0;0;5;13;
Kirk Hinrich;G;32:07;3;11;3;4;5;9;2;2;4;3;1;0;2;4;14;
Nazr Mohammed;;6:45;0;1;0;0;0;0;0;2;2;0;1;0;1;3;0;
Nate Robinson;;32:37;5;16;2;4;2;2;0;4;4;2;0;0;1;4;14;
Malcolm Thomas;;2:43;0;0;0;0;0;0;1;1;2;0;1;0;1;2;0;
Daequan Cook;;27:27;4;6;2;4;0;0;0;5;5;1;0;1;2;4;10;
MIA
Mike Miller;F;29:09;4;6;3;4;0;0;0;6;6;4;2;0;1;4;11;
LeBron James;F;34:51;7;12;1;1;9;12;0;7;7;6;1;0;3;2;24;
Chris Bosh;C;31:08;6;8;0;1;0;0;0;9;9;2;1;4;2;4;12;
Dwyane Wade;G;36:37;7;12;0;0;8;14;1;3;4;4;2;2;2;3;22;
Mario Chalmers;G;32:27;5;12;2;7;3;4;0;3;3;5;1;0;1;3;15;
Chris Andersen;;15:03;4;4;0;0;7;11;3;4;7;1;0;1;1;3;15;
Ray Allen;;20:06;1;6;0;1;0;0;0;2;2;1;0;1;4;1;2;
Rashard Lewis;;21:31;1;5;0;2;0;0;0;4;4;0;0;0;0;5;2;
Norris Cole;;16:50;1;4;0;1;0;0;0;1;1;0;0;0;1;2;2;
Joel Anthony;;1:09;0;1;0;0;0;0;0;1;1;0;0;0;0;0;0;
James Jones;;1:09;0;0;0;0;0;0;0;0;0;0;0;0;0;0;0;
