04-10;NOH-SAC;110-121;
28-35;20-30;25-30;37-26;
NOH
Al-Farouq Aminu;F;21:00;3;6;0;0;0;0;2;4;6;2;0;0;0;2;6;
Anthony Davis;F;31:45;4;9;0;0;5;5;4;6;10;2;0;2;1;2;13;
Robin Lopez;C;22:18;7;8;0;0;6;7;3;2;5;1;0;1;5;4;20;
Eric Gordon;G;33:33;8;16;3;6;4;7;1;2;3;7;2;1;3;0;23;
Greivis Vasquez;G;25:10;2;6;0;2;0;0;0;1;1;2;1;0;3;3;4;
Ryan Anderson;;31:41;3;13;1;6;2;2;1;4;5;0;0;0;1;2;9;
Xavier Henry;;27:54;5;7;0;0;5;8;1;3;4;0;0;0;2;2;15;
Brian Roberts;;33:17;6;11;2;3;6;6;1;5;6;5;2;1;1;2;20;
Darius Miller;;6:12;0;1;0;1;0;0;0;0;0;0;0;0;0;0;0;
Lou Amundson;;3:17;0;0;0;0;0;0;0;1;1;0;1;0;0;1;0;
Terrel Harris;;3:53;0;1;0;0;0;0;0;0;0;0;0;0;1;0;0;
SAC
John Salmons;F;31:40;7;10;2;4;6;8;0;3;3;3;0;0;1;3;22;
Jason Thompson;F;33:34;8;12;0;0;4;6;3;5;8;1;1;2;1;4;20;
DeMarcus Cousins;C;24:50;4;10;0;0;3;3;0;4;4;5;2;2;1;6;11;
Tyreke Evans;G;23:29;4;7;0;1;0;0;0;4;4;3;1;0;2;2;8;
Isaiah Thomas;G;26:36;6;13;1;2;2;4;1;2;3;3;1;0;1;2;15;
Marcus Thornton;;30:19;8;13;4;8;0;0;1;4;5;0;1;1;2;1;20;
Charles Hayes;;17:22;2;3;0;0;0;0;1;1;2;4;1;0;1;2;4;
Toney Douglas;;21:24;2;5;0;1;0;0;1;4;5;6;3;0;1;3;4;
Travis Outlaw;;15:09;4;6;1;1;0;0;2;1;3;0;0;2;1;2;9;
Cole Aldrich;;5:05;0;0;0;0;2;2;0;0;0;0;0;0;0;2;2;
Jimmer Fredette;;10:32;2;6;2;3;0;0;0;0;0;1;0;0;1;1;6;
