03-29;PHI-CLE;97-87;
19-24;26-21;32-21;20-21;
PHI
Thaddeus Young;F;40:55;9;13;0;0;0;2;3;3;6;1;1;0;1;2;18;
Evan Turner;F;37:50;9;17;2;6;3;4;2;11;13;4;0;0;1;3;23;
Spencer Hawes;C;35:57;7;17;2;3;0;0;3;8;11;5;0;2;1;1;16;
Damien Wilkins;G;38:01;2;3;0;0;3;4;1;2;3;6;1;2;2;1;7;
Jrue Holiday;G;35:30;9;20;2;3;0;0;1;4;5;6;3;1;3;2;20;
Jeremy Pargo;;5:47;1;2;0;0;0;0;0;0;0;2;0;0;0;0;2;
Dorell Wright;;20:46;1;6;1;5;0;0;1;2;3;1;0;1;0;1;3;
Lavoy Allen;;12:37;2;4;0;0;0;0;1;1;2;0;0;0;0;2;4;
Royal Ivey;;6:40;1;3;0;1;0;0;0;0;0;0;0;0;0;0;2;
Arnett Moultrie;;5:57;1;1;0;0;0;0;0;0;0;1;0;0;1;1;2;
CLE
Alonzo Gee;F;23:43;3;10;0;3;0;0;1;1;2;1;0;0;0;1;6;
Tristan Thompson;F;22:42;4;11;0;0;2;7;3;2;5;1;0;1;1;0;10;
Tyler Zeller;C;35:05;7;10;0;1;0;0;3;7;10;3;1;1;1;3;14;
Wayne Ellington;G;29:10;5;14;0;6;0;0;0;5;5;2;3;0;0;1;10;
Shaun Livingston;G;31:19;5;15;0;0;0;0;1;2;3;6;0;0;0;2;10;
Daniel Gibson;;23:54;2;2;1;1;0;0;0;1;1;0;0;0;1;2;5;
Luke Walton;;21:15;2;4;1;2;0;0;3;4;7;7;1;1;2;3;5;
CJ Miles;;28:20;7;11;2;4;3;4;0;5;5;3;0;1;4;1;19;
Marreese Speights;;12:55;1;6;0;0;4;4;0;2;2;0;0;2;0;1;6;
Chris Quinn;;11:37;1;3;0;1;0;0;0;0;0;1;1;0;1;1;2;
