03-20;PHI-LAC;72-101;
20-20;16-26;22-28;14-27;
PHI
Evan Turner;F;26:31;5;10;2;2;0;0;0;2;2;3;0;0;1;1;12;
Thaddeus Young;F;25:10;5;12;0;0;3;4;5;3;8;1;0;0;1;3;13;
Spencer Hawes;C;31:55;5;13;1;3;5;6;1;6;7;7;2;4;4;3;16;
Damien Wilkins;G;16:36;2;6;0;1;0;0;0;0;0;1;0;0;1;1;4;
Jrue Holiday;G;32:34;1;8;0;2;0;0;1;5;6;4;3;0;4;2;2;
Lavoy Allen;;23:38;0;3;0;0;0;0;1;3;4;2;0;0;1;4;0;
Dorell Wright;;23:26;3;5;2;3;0;0;0;2;2;1;0;0;1;1;8;
Arnett Moultrie;;15:10;0;3;0;0;0;0;2;3;5;0;1;0;2;0;0;
Charles Jenkins;;10:36;2;3;0;0;0;0;0;1;1;1;0;0;0;0;4;
Royal Ivey;;19:09;3;8;1;5;0;0;0;0;0;0;0;0;2;4;7;
Jeremy Pargo;;6:21;0;0;0;0;0;0;0;0;0;1;0;0;2;0;0;
Nick Young;;8:54;3;8;0;4;0;0;0;2;2;1;0;0;0;0;6;
LAC
Caron Butler;F;23:37;6;13;0;2;2;3;1;5;6;0;0;0;0;1;14;
Blake Griffin;F;26:18;2;9;0;1;3;4;4;5;9;6;1;0;3;3;7;
DeAndre Jordan;C;19:43;3;4;0;0;0;0;0;3;3;0;0;1;0;1;6;
Willie Green;G;22:22;5;9;1;2;2;3;1;3;4;0;0;0;0;1;13;
Chris Paul;G;31:21;8;10;2;3;1;1;1;5;6;9;5;0;4;0;19;
Lamar Odom;;17:43;1;3;1;3;0;0;0;2;2;3;5;0;1;2;3;
Jamal Crawford;;27:49;4;9;1;5;3;3;0;2;2;3;0;0;2;2;12;
Matt Barnes;;22:19;3;5;0;2;0;0;0;4;4;0;1;1;3;0;6;
Ryan Hollins;;26:09;5;6;0;0;0;3;1;5;6;0;0;1;0;4;10;
Maalik Wayns;;16:39;3;6;1;2;2;2;0;0;0;2;1;0;1;2;9;
DaJuan Summers;;6:00;1;4;0;0;0;0;0;2;2;1;0;0;0;0;2;
