04-15;WAS-BKN;101-106;
34-21;22-29;21-23;24-33;
WAS
Cartier Martin;F;31:41;4;8;4;7;2;2;0;8;8;0;0;0;1;3;14;
Trevor Booker;F;33:09;8;12;0;0;0;0;6;7;13;2;2;0;1;5;16;
Emeka Okafor;C;9:39;2;2;0;0;0;0;0;2;2;0;1;0;1;0;4;
Garrett Temple;G;39:00;6;11;0;2;2;2;2;0;2;2;1;0;3;4;14;
John Wall;G;33:47;5;19;0;2;8;12;0;6;6;12;3;0;3;1;18;
Jan Vesely;;27:19;4;5;0;0;0;0;1;0;1;1;0;2;3;3;8;
A.J. Price;;19:03;1;4;0;0;2;2;0;2;2;4;1;1;2;2;4;
Kevin Seraphin;;25:53;8;12;0;0;1;1;2;5;7;0;0;1;2;4;17;
Chris Singleton;;20:29;3;4;0;0;0;1;0;3;3;3;0;2;3;1;6;
BKN
Gerald Wallace;F;21:54;1;3;0;1;0;3;0;0;0;2;1;0;1;1;2;
Kris Humphries;F;34:23;8;17;0;0;4;4;6;3;9;2;1;0;1;3;20;
Andray Blatche;C;37:34;9;21;0;2;2;7;4;8;12;2;1;0;2;2;20;
MarShon Brooks;G;28:57;6;13;0;1;0;0;3;1;4;1;1;0;2;1;12;
CJ Watson;G;24:15;4;6;2;2;1;3;1;1;2;2;1;0;2;3;11;
Tyshawn Taylor;;23:45;5;8;3;3;1;2;0;0;0;3;2;0;4;3;14;
Kris Joseph;;19:44;0;1;0;1;2;2;0;2;2;0;3;0;0;1;2;
Mirza Teletovic;;24:03;5;10;2;5;2;3;1;4;5;0;2;1;2;2;14;
Tornike Shengelia;;25:25;5;13;0;0;1;3;5;6;11;0;1;1;0;2;11;
