04-07;ORL-CLE;85-91;
24-22;24-22;18-18;19-29;
ORL
Tobias Harris;F;41:07;11;19;0;3;4;6;5;7;12;2;2;0;1;2;26;
Andrew Nicholson;F;25:32;4;12;0;0;0;0;1;3;4;4;0;2;3;1;8;
Nikola Vucevic;C;42:25;10;20;0;0;1;3;8;13;21;6;0;2;2;3;21;
Maurice Harkless;G;38:57;3;12;0;2;1;2;1;3;4;1;2;1;3;2;7;
Beno Udrih;G;42:39;4;12;0;3;5;5;1;3;4;6;2;0;2;4;13;
Kyle O'Quinn;;14:53;1;2;0;0;0;0;1;3;4;1;0;2;1;2;2;
Doron Lamb;;7:10;1;2;1;1;0;0;0;1;1;0;0;0;1;0;3;
E'Twaun Moore;;15:51;0;7;0;3;2;2;2;1;3;1;2;0;1;2;2;
DeQuan Jones;;11:26;0;4;0;1;3;4;0;0;0;0;1;0;0;1;3;
CLE
Alonzo Gee;F;31:57;7;12;3;6;2;2;1;6;7;2;0;0;1;0;19;
Tristan Thompson;F;36:46;5;14;0;0;5;8;8;8;16;1;0;3;2;2;15;
Tyler Zeller;C;26:23;2;10;0;0;1;2;3;3;6;0;0;2;0;3;5;
Wayne Ellington;G;37:41;3;9;1;1;2;2;1;2;3;3;0;0;1;3;9;
Kyrie Irving;G;35:56;3;15;1;5;2;2;0;4;4;10;2;0;2;1;9;
Kevin Jones;;19:02;2;9;0;0;0;0;2;0;2;0;1;0;2;0;4;
Shaun Livingston;;25:27;3;6;0;0;6;6;0;6;6;6;2;2;5;5;12;
CJ Miles;;6:02;3;5;2;4;0;0;0;0;0;0;1;0;1;0;8;
Marreese Speights;;12:26;3;7;0;0;2;2;1;1;2;2;1;1;0;4;8;
Omri Casspi;;8:20;1;2;0;1;0;0;1;5;6;0;0;0;0;0;2;
