04-02;CHI-WAS;86-90;
24-18;25-24;20-28;17-20;
CHI
Luol Deng;F;41:41;5;15;0;3;3;3;2;6;8;2;2;0;2;3;13;
Carlos Boozer;F;34:55;9;18;0;0;1;1;1;11;12;5;0;0;2;3;19;
Nazr Mohammed;C;36:00;5;12;0;1;2;2;7;5;12;3;0;1;2;4;12;
Jimmy Butler;G;41:46;4;13;2;6;3;6;2;2;4;4;2;1;1;2;13;
Kirk Hinrich;G;25:43;3;8;2;4;0;0;0;2;2;4;2;0;0;4;8;
Taj Gibson;;9:31;2;3;0;0;0;0;0;1;1;0;0;0;0;1;4;
Nate Robinson;;33:21;7;16;1;7;2;4;0;2;2;3;0;0;0;2;17;
Daequan Cook;;17:03;0;4;0;2;0;0;0;4;4;0;0;0;0;1;0;
WAS
Martell Webster;F;21:42;2;7;0;1;2;2;1;3;4;0;0;0;1;2;6;
Nene;F;28:28;5;11;0;0;0;0;2;5;7;4;0;1;0;4;10;
Emeka Okafor;C;21:57;4;10;0;0;2;4;1;8;9;1;0;0;0;1;10;
Garrett Temple;G;13:53;1;2;0;1;0;1;0;2;2;0;0;0;0;0;2;
John Wall;G;36:53;8;17;0;0;11;13;1;7;8;9;0;3;1;0;27;
Kevin Seraphin;;17:39;1;5;0;0;0;0;3;2;5;2;0;0;1;0;2;
Bradley Beal;;27:31;3;11;1;4;1;2;1;4;5;1;1;0;2;1;8;
Trevor Ariza;;31:52;3;5;2;3;2;2;0;7;7;2;1;0;2;1;10;
Trevor Booker;;20:36;1;3;0;0;0;2;1;2;3;2;1;0;1;3;2;
A.J. Price;;19:29;5;7;3;4;0;0;0;1;1;1;0;0;2;2;13;
