03-24;UTA-DAL;108-113;
27-24;25-29;19-30;37-30;
UTA
Gordon Hayward;F;41:26;5;9;0;2;3;3;1;1;2;5;0;0;3;3;13;
Paul Millsap;F;27:27;7;11;0;0;1;1;2;7;9;1;2;2;2;4;15;
Al Jefferson;C;26:48;6;12;0;0;3;4;1;2;3;0;1;1;0;1;15;
Randy Foye;G;27:17;4;8;3;6;1;2;0;4;4;3;1;0;0;2;12;
Mo Williams;G;35:56;4;10;2;4;0;0;0;3;3;8;2;0;4;0;10;
Derrick Favors;;16:15;2;6;0;0;3;4;2;3;5;1;1;0;5;4;7;
Marvin Williams;;22:59;1;6;0;2;0;0;1;1;2;1;1;0;0;0;2;
Alec Burks;;8:24;4;9;2;3;1;1;1;1;2;3;1;0;0;1;11;
Enes Kanter;;21:12;7;9;0;0;3;4;1;3;4;1;1;0;3;1;17;
Jamaal Tinsley;;3:40;0;0;0;0;0;0;0;0;0;0;0;0;0;2;0;
Jeremy Evans;;4:18;2;2;0;0;0;0;1;1;2;0;0;0;0;1;4;
DeMarre Carroll;;4:18;0;0;0;0;2;2;2;0;2;0;0;0;1;5;2;
DAL
Shawn Marion;F;30:19;6;8;1;2;2;3;0;6;6;3;3;0;1;1;15;
Dirk Nowitzki;F;26:21;7;13;2;4;1;1;0;6;6;2;1;0;1;1;17;
Brandan Wright;C;22:45;3;11;0;0;1;2;2;2;4;1;0;3;2;2;7;
O.J. Mayo;G;35:48;4;7;2;4;0;0;0;1;1;3;1;0;2;1;10;
Mike James;G;32:08;7;10;3;4;2;2;1;2;3;5;1;0;3;2;19;
Chris Kaman;;8:18;2;3;0;0;0;0;0;2;2;0;0;1;3;1;4;
Darren Collison;;21:30;1;4;0;1;11;13;0;1;1;5;0;1;3;1;13;
Vince Carter;;21:26;3;8;1;3;8;8;0;3;3;0;0;0;2;1;15;
Elton Brand;;17:39;5;5;0;0;0;0;2;3;5;3;1;2;0;2;10;
Jae Crowder;;20:36;0;0;0;0;2;2;1;1;2;1;1;0;2;4;2;
Bernard James;;1:35;0;0;0;0;1;2;1;0;1;0;0;0;0;0;1;
Anthony Morrow;;1:35;0;1;0;0;0;0;0;0;0;0;0;0;0;2;0;
