03-22;CLE-HOU;78-116;
25-28;18-30;18-29;17-29;
CLE
Alonzo Gee;F;29:16;3;9;1;4;4;4;0;2;2;1;0;0;1;3;11;
Tristan Thompson;F;25:09;3;6;0;0;2;4;1;7;8;1;1;0;1;4;8;
Tyler Zeller;C;20:05;1;3;0;0;0;0;3;2;5;1;1;1;3;4;2;
Wayne Ellington;G;21:24;6;13;1;4;0;0;0;0;0;1;1;0;1;2;13;
Shaun Livingston;G;29:59;5;10;0;0;4;5;0;2;2;2;2;1;1;1;14;
Luke Walton;;21:50;3;5;1;1;0;0;1;3;4;2;0;1;1;1;7;
Daniel Gibson;;22:47;0;9;0;6;0;0;1;2;3;0;0;0;0;0;0;
Marreese Speights;;16:56;3;8;0;0;0;0;2;4;6;2;1;0;2;5;6;
Chris Quinn;;18:01;2;5;0;1;0;0;0;0;0;2;1;0;3;1;4;
CJ Miles;;15:32;3;8;1;3;2;2;0;0;0;2;1;0;0;2;9;
Kevin Jones;;12:00;2;7;0;0;0;0;1;0;1;0;1;0;0;1;4;
Omri Casspi;;7:01;0;3;0;1;0;0;1;0;1;0;0;0;1;0;0;
HOU
Chandler Parsons;F;28:14;5;11;1;4;2;3;1;3;4;1;0;1;1;0;13;
Donatas Motiejunas;F;20:39;3;5;1;3;3;6;1;3;4;2;0;0;0;3;10;
Omer Asik;C;22:31;6;8;0;0;1;3;3;8;11;1;0;1;2;2;13;
James Harden;G;30:44;5;9;3;5;7;9;0;1;1;2;2;0;4;1;20;
Jeremy Lin;G;20:12;2;7;0;2;0;1;1;0;1;6;0;0;3;2;4;
Patrick Beverley;;20:47;4;7;1;2;2;2;0;4;4;5;1;1;2;2;11;
Greg Smith;;25:29;2;3;0;0;0;0;3;10;13;0;0;0;2;3;4;
Carlos Delfino;;19:47;3;7;2;6;0;0;0;4;4;2;1;0;1;1;8;
Thomas Robinson;;22:20;6;7;0;0;3;3;2;4;6;1;3;2;5;2;15;
James Anderson;;12:00;5;6;1;2;0;0;2;2;4;1;0;0;0;1;11;
Francisco Garcia;;10:16;3;5;1;3;0;0;0;2;2;1;0;0;1;0;7;
Aaron Brooks;;7:01;0;2;0;2;0;0;0;0;0;4;1;1;1;1;0;
