03-26;LAC-DAL;102-109;
27-22;21-28;25-24;24-23;5-12;
LAC
Caron Butler;F;32:21;5;14;4;10;0;0;0;1;1;0;1;0;0;3;14;
Blake Griffin;F;36:50;4;12;0;1;6;8;2;7;9;3;0;1;4;5;14;
DeAndre Jordan;C;32:11;3;3;0;0;2;5;3;8;11;1;0;0;0;3;8;
Willie Green;G;16:47;2;6;1;3;0;0;0;2;2;1;2;0;1;2;5;
Chris Paul;G;39:27;12;15;3;5;6;9;1;5;6;5;2;0;7;2;33;
Jamal Crawford;;34:17;4;12;0;4;2;2;0;1;1;5;0;1;1;1;10;
Lamar Odom;;19:09;3;5;0;1;0;1;2;4;6;1;0;0;1;2;6;
Matt Barnes;;30:08;4;13;2;8;0;0;1;2;3;1;1;2;0;4;10;
Ryan Hollins;;4:41;0;2;0;0;0;0;0;1;1;1;0;0;0;2;0;
Eric Bledsoe;;13:33;1;3;0;1;0;0;2;2;4;1;0;0;3;0;2;
Grant Hill;;5:36;0;0;0;0;0;0;0;0;0;0;0;0;0;0;0;
DAL
Shawn Marion;F;25:41;2;6;0;1;0;0;2;2;4;3;3;0;4;3;4;
Dirk Nowitzki;F;39:24;12;21;0;3;9;10;1;8;9;1;0;0;1;2;33;
Brandan Wright;C;31:08;5;8;0;0;1;2;3;4;7;2;1;2;1;1;11;
O.J. Mayo;G;43:51;5;15;0;4;1;2;0;5;5;4;3;0;1;4;11;
Mike James;G;27:27;4;8;2;4;0;0;0;4;4;6;0;0;1;6;10;
Vince Carter;;33:27;3;9;2;7;6;6;0;5;5;2;3;0;3;1;14;
Elton Brand;;25:09;4;7;0;0;0;1;0;5;5;0;1;4;0;3;8;
Darren Collison;;25:28;3;6;1;3;6;6;1;1;2;4;1;1;3;1;13;
Jae Crowder;;13:21;2;2;1;1;0;0;1;0;1;1;0;0;1;0;5;
Anthony Morrow;;0:05;0;0;0;0;0;0;0;0;0;0;0;0;0;0;0;
