04-15;SAS-GSW;106-116;
28-27;29-27;22-28;27-34;
SAS
Matt Bonner;F;30:43;6;10;1;2;0;0;1;3;4;0;0;1;0;3;13;
DeJuan Blair;F;31:10;7;15;0;0;0;2;1;4;5;0;2;0;1;2;14;
Tiago Splitter;C;18:43;4;9;0;0;0;0;4;3;7;2;1;0;2;0;8;
Danny Green;G;19:12;0;5;0;4;0;0;0;3;3;1;1;0;1;1;0;
Cory Joseph;G;32:31;4;11;0;2;2;2;1;5;6;8;1;0;2;3;10;
Gary Neal;;26:20;10;15;1;3;4;5;0;4;4;5;1;0;5;1;25;
Aron Baynes;;30:23;2;7;0;1;0;1;3;3;6;3;0;0;0;3;4;
Nando De Colo;;28:33;3;10;1;4;2;2;0;3;3;9;5;0;2;2;9;
Patty Mills;;22:25;9;16;5;8;0;1;0;1;1;2;2;0;2;3;23;
GSW
Harrison Barnes;F;33:03;4;10;1;3;2;2;1;6;7;3;1;0;6;2;11;
David Lee;F;36:23;5;10;0;0;2;4;2;9;11;2;0;0;2;4;12;
Festus Ezeli;C;29:19;3;6;0;0;2;2;2;11;13;0;0;3;1;2;8;
Klay Thompson;G;34:56;10;17;1;4;2;2;1;4;5;2;1;2;3;2;23;
Stephen Curry;G;38:42;13;23;7;13;2;2;1;7;8;5;2;0;3;0;35;
Jarrett Jack;;30:17;3;8;0;0;0;0;0;1;1;12;1;1;2;3;6;
Carl Landry;;26:38;7;9;0;0;2;2;2;6;8;1;2;0;1;3;16;
Kent Bazemore;;6:51;0;1;0;0;3;4;0;0;0;1;1;1;3;1;3;
Richard Jefferson;;3:51;1;1;0;0;0;0;0;0;0;0;1;0;0;0;2;
