04-17;WAS-CHI;92-95;
15-31;32-21;21-22;24-21;
WAS
Cartier Martin;F;8:53;0;2;0;0;0;0;0;1;1;0;0;0;1;0;0;
Trevor Booker;F;30:39;5;10;0;0;0;1;2;6;8;1;2;2;0;2;10;
Kevin Seraphin;C;31:04;4;9;0;0;2;2;1;8;9;3;0;2;2;3;10;
Garrett Temple;G;36:07;2;11;2;5;0;0;1;1;2;5;3;0;2;2;6;
John Wall;G;38:10;8;21;1;2;6;8;1;2;3;4;0;0;1;3;23;
A.J. Price;;30:13;9;17;3;7;3;4;1;0;1;4;1;0;1;2;24;
Chris Singleton;;30:37;6;10;1;2;0;0;0;7;7;0;0;1;0;2;13;
Jason Collins;;16:56;0;2;0;0;2;2;1;2;3;0;0;0;1;2;2;
Jan Vesely;;17:21;2;3;0;0;0;0;0;3;3;0;1;0;0;1;4;
CHI
Luol Deng;F;27:23;2;7;1;4;0;0;1;4;5;5;0;0;0;0;5;
Carlos Boozer;F;37:57;8;16;0;0;3;4;4;11;15;4;0;0;2;5;19;
Nazr Mohammed;C;22:00;7;12;0;0;3;3;3;4;7;0;1;0;2;4;17;
Jimmy Butler;G;42:45;4;8;1;1;4;6;2;4;6;3;2;1;3;0;13;
Kirk Hinrich;G;24:49;7;9;2;3;2;3;0;2;2;5;0;0;1;3;18;
Marco Belinelli;;14:21;2;8;0;2;0;0;0;2;2;2;0;0;0;3;4;
Joakim Noah;;14:21;0;1;0;0;0;0;0;1;1;1;1;0;2;0;0;
Taj Gibson;;21:25;3;7;0;0;2;3;1;3;4;0;0;1;2;4;8;
Nate Robinson;;23:11;3;8;3;7;0;0;1;2;3;4;1;0;2;3;9;
Richard Hamilton;;11:31;1;2;0;1;0;0;0;0;0;2;0;0;1;0;2;
Daequan Cook;;0:17;0;0;0;0;0;0;0;0;0;0;0;0;0;0;0;
