04-05;CLE-BOS;97-91;
26-28;26-24;22-16;23-23;
CLE
Alonzo Gee;F;33:04;8;17;0;2;0;0;3;7;10;1;1;1;1;4;16;
Tristan Thompson;F;41:24;10;17;0;0;9;9;7;10;17;1;0;1;1;3;29;
Tyler Zeller;C;25:42;4;9;0;0;1;2;0;6;6;0;0;0;1;5;9;
Wayne Ellington;G;36:18;5;8;1;2;1;2;1;5;6;0;1;0;1;1;12;
Kyrie Irving;G;37:13;4;20;2;6;1;1;0;5;5;8;2;2;4;0;11;
Luke Walton;;3:18;0;0;0;0;0;0;0;0;0;2;0;0;0;1;0;
Shaun Livingston;;23:51;2;4;0;0;3;4;0;2;2;4;0;2;2;0;7;
CJ Miles;;14:56;2;7;0;3;5;6;1;3;4;0;1;0;2;3;9;
Marreese Speights;;2:23;0;1;0;0;2;2;0;0;0;0;0;0;1;2;2;
Omri Casspi;;0:03;0;0;0;0;0;0;0;0;0;0;0;0;0;0;0;
Kevin Jones;;21:48;1;6;0;0;0;0;3;5;8;0;0;1;1;1;2;
BOS
Jeff Green;F;32:38;8;13;1;1;6;8;1;8;9;4;0;0;2;4;23;
Brandon Bass;F;39:29;7;14;0;0;0;1;1;6;7;1;0;2;1;2;14;
Chris Wilcox;C;21:52;1;3;0;0;0;0;1;3;4;2;1;2;1;3;2;
Courtney Lee;G;19:03;1;5;0;0;0;0;0;2;2;3;1;1;1;1;2;
Avery Bradley;G;27:30;3;12;2;8;2;4;0;0;0;3;1;1;2;3;10;
Terrence Williams;;30:52;4;9;0;2;1;2;1;5;6;1;1;1;3;1;9;
Jason Terry;;26:43;3;10;2;7;0;0;0;3;3;4;1;0;0;2;8;
Shavlik Randolph;;13:02;6;9;0;0;4;5;4;3;7;0;1;0;1;6;16;
Jordan Crawford;;28:51;3;14;1;4;0;2;2;2;4;5;1;0;0;2;7;
