04-15;NYK-CHA;95-106;
17-30;28-24;22-30;28-22;
NYK
James White;F;43:02;5;9;1;3;4;4;0;7;7;6;1;1;1;3;15;
Steve Novak;F;41:13;6;9;5;7;0;0;0;7;7;0;0;0;1;4;17;
Chris Copeland;C;46:50;12;25;4;8;4;4;2;5;7;2;1;0;1;2;32;
Iman Shumpert;G;41:40;5;16;1;6;3;3;1;1;2;5;1;0;3;3;14;
Pablo Prigioni;G;42:08;3;9;1;5;2;2;0;0;0;8;1;0;1;3;9;
Jason Kidd;;21:17;2;8;2;7;0;0;0;2;2;6;1;0;1;0;6;
Rasheed Wallace;;3:50;1;3;0;1;0;0;0;0;0;0;0;0;0;0;2;
CHA
Michael Kidd-Gilchrist;F;29:56;4;7;0;0;0;0;0;5;5;1;1;0;0;3;8;
Josh McRoberts;F;36:30;4;5;0;0;2;2;0;7;7;8;0;1;5;2;10;
Bismack Biyombo;C;43:23;4;6;0;0;2;3;2;9;11;1;0;3;0;1;10;
Gerald Henderson;G;39:09;11;16;1;3;4;4;0;3;3;5;0;1;2;2;27;
Kemba Walker;G;30:54;9;15;2;5;3;3;1;3;4;13;1;0;1;0;23;
Jeff Adrien;;11:30;1;2;0;0;2;2;1;4;5;0;0;1;1;2;4;
Ben Gordon;;9:49;1;4;0;3;0;0;0;1;1;1;0;0;0;2;2;
Jannero Pargo;;17:06;2;9;1;3;0;0;0;1;1;2;2;0;2;0;5;
Jeff Taylor;;17:06;5;7;2;3;0;0;0;0;0;3;0;0;0;3;12;
Tyrus Thomas;;4:37;2;3;1;1;0;0;0;0;0;1;0;0;0;0;5;
