03-24;CHA-MIA;77-109;
19-23;20-24;18-26;20-36;
CHA
Michael Kidd-Gilchrist;F;31:54;5;8;0;0;3;4;3;7;10;2;0;1;1;1;13;
Byron Mullens;F;22:34;2;8;1;5;0;0;1;1;2;0;0;0;2;4;5;
Bismack Biyombo;C;36:30;1;4;0;0;0;0;2;9;11;0;1;1;2;4;2;
Gerald Henderson;G;35:33;8;18;0;0;2;4;2;3;5;1;2;0;2;2;18;
Kemba Walker;G;36:20;7;21;2;7;4;6;1;5;6;3;1;0;2;2;20;
Ben Gordon;;16:01;0;7;0;3;0;0;0;2;2;0;1;0;0;2;0;
Jeff Taylor;;26:51;4;12;0;4;0;0;3;2;5;1;1;0;1;4;8;
Jannero Pargo;;17:05;2;7;1;5;0;0;0;1;1;1;1;0;3;0;5;
Jeff Adrien;;13:47;0;3;0;0;3;4;2;1;3;1;1;0;0;1;3;
Reggie Williams;;3:25;1;1;1;1;0;0;0;0;0;0;0;0;0;0;3;
MIA
LeBron James;F;34:10;11;14;0;1;10;11;0;8;8;10;3;3;4;0;32;
Udonis Haslem;F;15:55;0;3;0;0;1;2;1;4;5;1;1;0;0;0;1;
Chris Bosh;C;31:21;5;12;0;1;5;6;1;5;6;1;1;3;0;1;15;
Mike Miller;G;21:38;2;7;2;6;0;0;0;3;3;4;1;0;0;2;6;
Mario Chalmers;G;26:25;0;4;0;4;2;2;0;0;0;3;1;1;2;2;2;
Shane Battier;;25:35;2;6;2;5;0;0;1;4;5;0;0;1;0;0;6;
Ray Allen;;22:39;5;9;4;5;0;0;1;6;7;0;0;0;2;3;14;
Chris Andersen;;16:13;3;3;0;0;0;0;0;5;5;0;1;2;1;1;6;
Norris Cole;;21:35;5;9;3;4;2;2;0;3;3;6;0;0;0;5;15;
Rashard Lewis;;14:14;3;7;1;3;0;0;0;4;4;0;1;0;1;1;7;
Juwan Howard;;3:25;1;1;0;0;0;0;0;1;1;2;0;0;0;0;2;
James Jones;;3:25;1;1;1;1;0;0;0;0;0;0;0;0;0;0;3;
Joel Anthony;;3:25;0;0;0;0;0;0;0;1;1;1;0;0;0;1;0;
