03-27;PHX-UTA;88-103;
23-34;21-19;27-22;17-28;
PHX
PJ Tucker;F;22:08;1;4;0;1;2;2;2;4;6;3;0;0;2;2;4;
Markieff Morris;F;35:18;4;8;0;2;2;3;1;5;6;3;2;2;1;1;10;
Luis Scola;C;33:20;8;18;0;1;4;5;3;4;7;1;0;1;1;4;20;
Wesley Johnson;G;40:13;8;16;4;7;2;2;0;1;1;1;3;0;1;2;22;
Kendall Marshall;G;34:01;2;7;0;2;3;5;0;3;3;13;1;0;5;2;7;
Jared Dudley;;25:52;4;7;2;3;0;0;1;1;2;1;1;0;1;1;10;
Hamed Haddadi;;6:05;0;0;0;0;0;0;0;2;2;2;0;0;2;3;0;
Diante Garrett;;13:59;4;5;0;0;0;0;0;1;1;1;0;0;0;1;8;
Jermaine O'Neal;;15:56;1;7;0;0;1;2;1;3;4;1;0;1;2;2;3;
Michael Beasley;;5:21;1;2;0;0;0;0;0;2;2;1;0;0;1;0;2;
Shannon Brown;;7:47;1;2;0;0;0;0;0;2;2;0;0;0;1;0;2;
UTA
Gordon Hayward;F;41:35;9;15;3;6;4;5;1;4;5;6;0;0;2;0;25;
Paul Millsap;F;23:23;6;9;0;0;0;0;1;3;4;2;2;1;1;2;12;
Al Jefferson;C;42:21;12;23;0;0;1;1;3;6;9;1;2;2;2;3;25;
Randy Foye;G;25:38;5;6;2;2;0;0;0;3;3;3;2;0;1;4;12;
Mo Williams;G;29:11;3;9;0;3;2;2;1;2;3;10;1;0;3;2;8;
Derrick Favors;;24:37;4;7;0;0;1;2;4;9;13;1;2;2;5;4;9;
Jamaal Tinsley;;4:54;0;0;0;0;0;0;0;0;0;2;0;0;0;2;0;
Enes Kanter;;3:29;0;1;0;0;0;0;0;1;1;0;0;0;1;0;0;
Marvin Williams;;22:22;2;6;0;2;1;1;0;4;4;3;0;1;0;0;5;
Alec Burks;;20:20;2;6;1;2;0;2;0;2;2;2;1;0;1;0;5;
Jeremy Evans;;2:10;1;3;0;0;0;0;2;0;2;0;0;0;0;0;2;
