04-09;TOR-CHI;101-98;
31-22;23-28;27-18;20-30;
TOR
Rudy Gay;F;36:56;6;14;3;5;4;5;0;6;6;2;0;0;1;4;19;
Amir Johnson;F;45:28;5;8;0;0;3;3;2;9;11;2;0;1;0;4;13;
Jonas Valanciunas;C;23:16;2;3;0;0;4;4;0;3;3;2;1;1;2;5;8;
DeMar DeRozan;G;34:20;8;13;0;2;4;7;0;2;2;2;1;0;0;1;20;
Kyle Lowry;G;34:22;6;11;1;5;0;0;0;3;3;10;2;0;2;2;13;
Terrence Ross;;18:26;5;9;2;3;1;1;0;2;2;0;0;0;0;1;13;
Quincy Acy;;27:12;2;5;0;0;4;4;1;5;6;1;1;1;1;3;8;
John Lucas III;;13:38;2;6;0;1;0;0;0;0;0;2;1;0;1;0;4;
Alan Anderson;;6:18;1;3;1;2;0;0;0;0;0;1;0;0;1;1;3;
Landry Fields;;0:04;0;0;0;0;0;0;0;0;0;0;0;0;0;0;0;
CHI
Jimmy Butler;F;48:00;10;12;3;3;5;6;2;5;7;2;2;0;2;3;28;
Carlos Boozer;F;43:52;7;20;0;0;5;6;2;9;11;8;0;0;4;2;19;
Nazr Mohammed;C;25:14;3;9;0;0;0;0;6;4;10;0;0;1;1;2;6;
Marco Belinelli;G;18:37;3;7;1;2;1;1;0;0;0;1;0;0;0;1;8;
Kirk Hinrich;G;32:27;2;5;1;2;0;0;0;3;3;6;0;0;0;4;5;
Malcolm Thomas;;26:21;3;6;0;0;0;2;3;5;8;2;1;1;0;4;6;
Nate Robinson;;30:40;7;22;5;9;3;5;0;1;1;4;0;0;2;4;22;
Richard Hamilton;;14:16;2;5;0;1;0;0;0;0;0;1;0;0;1;1;4;
Vladimir Radmanovic;;0:33;0;0;0;0;0;0;0;0;0;0;0;0;0;0;0;
