03-22;UTA-SAS;97-104;
21-18;20-20;24-25;25-27;7-14;
UTA
Gordon Hayward;F;34:03;2;10;1;2;0;0;0;6;6;5;0;1;3;3;5;
Paul Millsap;F;34:05;5;13;0;1;1;2;2;4;6;2;2;2;1;5;11;
Al Jefferson;C;41:42;9;23;0;0;0;0;3;10;13;2;3;2;2;4;18;
Randy Foye;G;27:36;3;5;2;3;0;0;0;1;1;5;0;0;0;1;8;
Mo Williams;G;41:12;9;17;2;4;3;5;0;1;1;8;3;0;3;5;23;
Derrick Favors;;19:03;3;6;0;0;0;1;0;8;8;0;1;4;4;4;6;
Marvin Williams;;34:38;4;9;1;4;0;0;3;6;9;1;1;0;1;2;9;
Enes Kanter;;11:11;0;4;0;0;3;4;2;1;3;0;1;0;1;1;3;
Alec Burks;;21:31;6;9;2;3;0;0;1;0;1;0;0;0;1;2;14;
SAS
Kawhi Leonard;F;42:35;9;14;3;4;0;0;3;5;8;0;2;2;2;0;21;
Tim Duncan;F;37:12;4;13;0;0;11;13;1;15;16;5;0;2;2;2;19;
Tiago Splitter;C;32:45;2;9;0;0;1;3;3;7;10;3;0;4;3;4;5;
Danny Green;G;34:13;6;9;3;6;0;0;0;1;1;2;0;1;0;0;15;
Tony Parker;G;36:50;8;13;0;0;6;8;0;2;2;5;0;0;3;2;22;
Cory Joseph;;4:43;1;4;0;1;0;0;0;1;1;0;0;0;0;0;2;
Manu Ginobili;;27:46;2;9;1;5;0;0;0;4;4;1;2;0;5;2;5;
Boris Diaw;;18:53;3;5;0;1;0;0;0;1;1;1;0;0;0;1;6;
DeJuan Blair;;4:53;1;1;0;0;0;0;1;1;2;0;0;0;1;3;2;
Stephen Jackson;;7:35;0;3;0;2;0;0;0;0;0;2;3;0;0;1;0;
Nando De Colo;;8:44;1;2;0;0;0;0;0;1;1;3;1;0;1;1;2;
Matt Bonner;;8:51;2;2;1;1;0;0;0;0;0;1;0;1;0;1;5;
