04-17;LAC-SAC;112-108;
27-26;27-20;24-24;34-38;
LAC
Caron Butler;F;22:19;4;8;3;4;0;0;0;2;2;0;1;0;1;3;11;
Blake Griffin;F;30:37;3;10;0;0;1;2;1;3;4;2;0;0;4;2;7;
DeAndre Jordan;C;29:26;4;7;0;0;0;3;3;7;10;0;0;2;0;1;8;
Chauncey Billups;G;18:32;5;8;3;6;4;4;1;3;4;0;0;0;3;3;17;
Chris Paul;G;35:20;11;20;0;3;3;5;1;3;4;11;1;0;0;2;25;
Jamal Crawford;;30:30;9;16;6;8;0;0;0;1;1;6;2;0;1;0;24;
Matt Barnes;;24:46;6;12;0;2;0;0;2;3;5;1;0;0;0;2;12;
Ryan Hollins;;18:23;0;2;0;0;4;4;2;1;3;0;0;0;1;5;4;
Lamar Odom;;17:26;2;4;0;0;0;0;1;7;8;2;1;1;0;2;4;
Eric Bledsoe;;12:40;0;1;0;1;0;0;0;3;3;3;0;0;3;0;0;
SAC
John Salmons;F;30:00;1;4;0;2;0;0;1;2;3;1;0;1;2;0;2;
Jason Thompson;F;25:34;3;7;0;0;2;2;1;5;6;0;2;0;0;4;8;
DeMarcus Cousins;C;41:23;14;24;0;0;8;11;4;18;22;3;0;3;3;4;36;
Marcus Thornton;G;37:01;8;20;5;12;0;0;1;1;2;3;1;0;0;1;21;
Isaiah Thomas;G;42:57;5;17;3;7;2;2;3;1;4;10;2;0;3;4;15;
Travis Outlaw;;27:10;5;10;0;3;7;9;0;2;2;4;0;0;2;2;17;
Patrick Patterson;;25:21;2;3;1;1;0;0;2;1;3;2;0;0;0;4;5;
Jimmer Fredette;;6:52;1;2;0;1;0;1;0;0;0;0;0;0;1;1;2;
Cole Aldrich;;3:42;1;2;0;0;0;0;0;2;2;0;0;0;0;0;2;
