03-27;DEN-SAS;99-100;
20-22;34-29;21-32;24-17;
DEN
Danilo Gallinari;F;31:13;3;9;0;2;6;6;0;6;6;2;0;0;4;3;12;
Kenneth Faried;F;22:00;6;8;0;0;0;0;3;1;4;1;0;0;2;3;12;
Kosta Koufos;C;20:03;2;3;0;0;0;0;1;4;5;0;0;0;0;4;4;
Andre Iguodala;G;36:33;4;9;0;2;2;3;1;1;2;7;1;0;2;0;10;
Ty Lawson;G;19:35;1;7;0;2;0;0;0;0;0;3;2;0;1;3;2;
Andre Miller;;28:25;7;18;0;0;0;0;2;3;5;8;1;0;3;2;14;
Corey Brewer;;22:06;3;10;0;3;3;4;1;2;3;2;1;0;1;4;9;
Wilson Chandler;;34:06;6;13;0;1;3;3;1;4;5;3;1;0;1;2;15;
JaVale McGee;;25:59;10;11;0;0;1;1;5;6;11;0;2;3;1;3;21;
SAS
Kawhi Leonard;F;38:11;4;7;1;1;2;3;0;7;7;3;2;0;0;0;11;
Tim Duncan;F;35:56;9;18;0;0;5;6;5;9;14;0;1;5;3;3;23;
Tiago Splitter;C;26:28;2;6;0;0;6;8;2;4;6;0;1;0;1;0;10;
Danny Green;G;32:57;6;12;6;8;2;4;1;3;4;0;1;1;2;2;20;
Tony Parker;G;35:23;6;16;1;1;5;6;0;3;3;11;0;0;5;2;18;
Manu Ginobili;;27:05;4;9;1;1;0;0;0;1;1;4;1;1;3;4;9;
Boris Diaw;;18:21;1;2;0;1;0;0;1;0;1;0;1;0;2;2;2;
Cory Joseph;;12:37;2;3;1;2;0;0;0;0;0;1;0;1;0;0;5;
DeJuan Blair;;6:53;1;2;0;0;0;0;2;0;2;1;0;0;1;2;2;
Stephen Jackson;;6:10;0;1;0;1;0;0;0;0;0;0;0;0;1;2;0;
