04-06;CHA-BKN;96-105;
23-29;31-24;21-30;21-22;
CHA
Michael Kidd-Gilchrist;F;18:48;2;5;0;0;2;2;2;4;6;1;0;0;1;0;6;
Josh McRoberts;F;41:15;3;11;0;1;0;0;3;5;8;3;1;0;0;5;6;
Bismack Biyombo;C;33:25;4;8;0;0;2;2;6;4;10;0;0;5;2;5;10;
Gerald Henderson;G;37:25;8;12;0;3;6;8;1;2;3;5;2;0;3;3;22;
Kemba Walker;G;24:44;3;9;0;1;1;2;0;2;2;4;1;1;3;1;7;
Jeff Adrien;;14:58;2;3;0;0;0;0;0;5;5;0;0;0;0;3;4;
Byron Mullens;;3:49;0;1;0;0;0;2;0;1;1;0;0;0;0;1;0;
Reggie Williams;;11:37;0;1;0;1;0;0;0;2;2;1;0;0;0;0;0;
Jannero Pargo;;23:16;5;13;1;4;1;1;1;3;4;2;0;0;1;3;12;
Ben Gordon;;28:10;8;16;6;11;5;6;0;2;2;2;0;0;5;2;27;
Tyrus Thomas;;2:33;1;1;0;0;0;0;0;0;0;0;0;0;0;1;2;
BKN
Gerald Wallace;F;31:31;0;0;0;0;1;2;0;1;1;5;0;1;1;2;1;
Reggie Evans;F;39:46;5;7;0;0;4;7;4;16;20;0;2;0;2;3;14;
Brook Lopez;C;33:09;7;14;0;0;5;7;3;2;5;0;2;4;1;2;19;
Joe Johnson;G;32:01;5;16;3;10;2;2;0;2;2;2;2;0;0;3;15;
Deron Williams;G;36:14;11;18;2;7;8;8;0;2;2;6;0;0;3;2;32;
MarShon Brooks;;17:60;2;5;0;1;0;0;0;2;2;1;2;0;1;1;4;
Keith Bogans;;12:25;0;2;0;2;0;0;0;0;0;1;0;0;0;1;0;
Andray Blatche;;17:34;7;13;0;0;2;4;4;3;7;0;0;1;0;2;16;
CJ Watson;;13:49;2;4;0;0;0;0;0;1;1;2;0;1;0;0;4;
Mirza Teletovic;;5:31;0;1;0;1;0;0;0;0;0;0;0;0;0;1;0;
