03-23;IND-CHI;84-87;
22-16;22-23;23-29;17-19;
IND
Paul George;F;37:25;9;20;1;6;4;5;0;11;11;2;3;0;1;5;23;
Tyler Hansbrough;F;27:51;3;6;0;0;1;2;2;4;6;3;0;0;2;3;7;
Roy Hibbert;C;35:02;8;18;0;0;2;2;4;8;12;2;0;2;3;4;18;
Lance Stephenson;G;34:45;2;5;1;1;5;8;0;3;3;3;2;1;0;1;10;
George Hill;G;33:09;3;8;2;4;3;3;0;1;1;2;0;1;1;2;11;
Jeff Ayres;;19:48;2;4;0;0;2;2;0;2;2;0;0;0;0;2;6;
Orlando Johnson;;8:45;0;1;0;1;0;0;0;0;0;0;0;0;0;1;0;
D.J. Augustin;;15:27;0;3;0;1;0;0;1;1;2;1;1;0;0;1;0;
Ian Mahinmi;;12:58;1;4;0;0;2;2;1;4;5;0;0;1;0;1;4;
Gerald Green;;11:13;2;8;1;1;0;0;1;0;1;0;2;0;0;0;5;
Sam Young;;3:38;0;1;0;0;0;0;0;0;0;0;0;0;0;0;0;
CHI
Luol Deng;F;35:45;7;14;0;0;6;10;2;5;7;0;0;0;0;3;20;
Carlos Boozer;F;27:41;8;15;0;0;2;5;1;9;10;1;1;0;1;4;18;
Nazr Mohammed;C;31:09;5;7;0;0;1;2;5;2;7;3;0;1;0;4;11;
Marco Belinelli;G;26:46;1;3;0;0;2;2;1;1;2;1;1;0;1;2;4;
Kirk Hinrich;G;20:21;1;5;0;3;0;0;0;2;2;5;0;0;3;2;2;
Taj Gibson;;32:39;4;11;0;0;3;3;1;4;5;0;0;2;0;3;11;
Jimmy Butler;;20:23;1;4;1;1;0;0;2;3;5;1;0;1;1;1;3;
Nate Robinson;;19:43;4;8;1;3;0;0;0;1;1;5;1;1;4;1;9;
Daequan Cook;;17:17;4;12;1;4;0;0;0;5;5;2;1;0;0;1;9;
Vladimir Radmanovic;;0:20;0;0;0;0;0;0;0;0;0;0;0;0;0;0;0;
Marquis Teague;;7:56;0;2;0;0;0;0;0;2;2;3;0;0;0;1;0;
