04-15;PHI-DET;101-109;
23-30;31-21;21-33;26-25;
PHI
Evan Turner;F;29:06;5;13;1;3;2;2;0;3;3;5;1;0;0;2;13;
Thaddeus Young;F;22:52;5;8;0;0;1;2;2;1;3;1;2;0;0;2;11;
Spencer Hawes;C;30:40;6;13;0;1;1;1;3;6;9;3;1;1;3;3;13;
Damien Wilkins;G;31:37;2;6;0;0;0;2;0;3;3;5;1;0;0;1;4;
Jrue Holiday;G;27:32;7;15;0;3;0;0;1;2;3;3;1;0;5;0;14;
Arnett Moultrie;;24:48;4;5;0;0;1;1;3;2;5;0;1;1;1;4;9;
Dorell Wright;;32:34;5;12;4;10;8;9;1;7;8;6;1;1;2;1;22;
Justin Holiday;;27:45;3;9;1;5;4;4;0;2;2;2;0;2;1;0;11;
Lavoy Allen;;13:06;2;6;0;0;0;0;3;0;3;0;2;0;0;2;4;
DET
Kyle Singler;F;30:44;6;11;2;6;2;2;0;5;5;0;3;0;0;0;16;
Greg Monroe;F;36:49;10;14;0;0;7;7;6;10;16;4;0;1;2;1;27;
Andre Drummond;C;32:43;2;4;0;0;1;4;3;5;8;0;2;1;3;6;5;
Rodney Stuckey;G;32:36;3;9;2;5;0;0;0;4;4;6;1;0;2;3;8;
Brandon Knight;G;31:02;5;16;2;6;0;0;2;0;2;4;1;0;3;2;12;
Jonas Jerebko;;20:01;3;7;0;2;3;4;1;1;2;2;0;1;1;3;9;
Will Bynum;;25:18;8;13;2;3;4;4;0;3;3;6;0;0;2;3;22;
Khris Middleton;;15:48;4;7;1;2;1;1;0;2;2;1;0;0;1;3;10;
Kim English;;8:32;0;1;0;1;0;0;0;0;0;0;0;0;0;0;0;
Charlie Villanueva;;6:27;0;1;0;0;0;0;0;1;1;0;0;0;0;0;0;
