04-09;PHI-BKN;83-104;
18-31;20-25;24-29;21-19;
PHI
Evan Turner;F;28:06;3;10;1;1;4;4;0;3;3;5;0;0;0;2;11;
Thaddeus Young;F;24:41;1;9;0;0;1;2;2;1;3;2;0;0;1;3;3;
Spencer Hawes;C;22:40;3;9;0;1;1;2;1;5;6;0;1;0;3;3;7;
Damien Wilkins;G;22:01;1;5;0;0;3;4;0;0;0;1;0;0;0;0;5;
Jrue Holiday;G;27:56;5;10;3;5;2;2;1;1;2;1;1;0;1;0;15;
Lavoy Allen;;24:37;2;5;0;0;0;0;2;4;6;1;0;0;0;2;4;
Dorell Wright;;18:40;3;10;1;4;2;2;0;3;3;1;0;1;0;1;9;
Nick Young;;21:11;7;10;2;2;2;2;0;2;2;1;2;0;0;1;18;
Arnett Moultrie;;24:02;2;3;0;0;0;0;2;2;4;1;1;1;1;5;4;
Justin Holiday;;16:06;2;5;0;1;0;0;0;4;4;1;0;0;1;0;4;
Charles Jenkins;;10:00;1;4;0;0;1;2;0;1;1;2;1;0;0;0;3;
BKN
Gerald Wallace;F;26:03;0;2;0;1;0;0;1;2;3;1;2;2;1;2;0;
Reggie Evans;F;29:48;6;10;0;0;5;10;9;15;24;2;3;0;1;2;17;
Brook Lopez;C;26:03;13;22;0;0;3;4;6;5;11;3;0;3;2;1;29;
Joe Johnson;G;23:04;5;10;1;4;0;0;0;2;2;2;0;1;1;1;11;
Deron Williams;G;26:44;5;10;1;3;0;0;0;2;2;4;0;0;0;2;11;
MarShon Brooks;;24:56;4;8;1;3;2;2;1;6;7;1;1;0;0;3;11;
Jerry Stackhouse;;14:59;1;6;1;2;0;0;0;1;1;0;0;0;1;1;3;
Andray Blatche;;16:51;0;4;0;2;2;2;1;4;5;1;0;0;0;2;2;
CJ Watson;;18:02;1;8;0;4;2;2;0;2;2;0;1;0;0;1;4;
Kris Humphries;;18:12;4;7;0;0;1;1;5;2;7;0;0;1;3;0;9;
Kris Joseph;;5:06;0;1;0;0;0;2;0;0;0;0;0;0;0;0;0;
Mirza Teletovic;;5:06;1;1;1;1;0;0;0;1;1;0;0;0;1;0;3;
Tyshawn Taylor;;5:06;2;4;0;0;0;0;1;1;2;2;0;0;0;1;4;
