03-24;POR-OKC;83-103;
19-24;28-21;21-30;15-28;
POR
Nicolas Batum;F;36:53;4;11;2;6;3;4;2;6;8;8;0;2;1;3;13;
LaMarcus Aldridge;F;39:53;3;14;0;0;4;4;2;10;12;0;3;2;3;1;10;
JJ Hickson;C;27:05;6;11;0;0;0;1;0;7;7;2;2;1;3;3;12;
Wesley Matthews;G;36:24;3;11;2;6;0;0;0;1;1;0;2;0;1;1;8;
Damian Lillard;G;38:03;7;16;4;9;1;2;2;2;4;6;0;0;2;1;19;
Meyers Leonard;;23:51;4;4;0;0;1;2;1;0;1;2;0;0;2;3;9;
Eric Maynor;;25:21;4;10;2;4;0;0;0;0;0;4;0;0;3;4;10;
Will Barton;;6:45;1;1;0;0;0;0;0;0;0;0;0;0;1;0;2;
Luke Babbitt;;1:55;0;0;0;0;0;0;0;0;0;0;0;0;0;0;0;
Nolan Smith;;1:55;0;1;0;1;0;0;0;1;1;0;0;0;1;0;0;
Joel Freeland;;1:55;0;0;0;0;0;0;0;0;0;0;0;0;0;0;0;
OKC
Kevin Durant;F;37:20;10;17;2;3;2;2;0;10;10;2;2;0;3;1;24;
Serge Ibaka;F;26:36;7;9;0;0;2;2;1;2;3;1;0;5;2;3;16;
Kendrick Perkins;C;24:26;2;6;0;0;0;0;0;5;5;0;2;0;1;2;4;
Thabo Sefolosha;G;19:15;1;2;0;1;2;2;0;3;3;2;1;0;0;2;4;
Russell Westbrook;G;33:34;9;18;0;2;3;5;0;4;4;9;1;0;2;2;21;
Nick Collison;;26:07;5;6;0;0;0;0;3;3;6;0;1;0;1;1;10;
Kevin Martin;;26:50;4;10;2;2;1;2;1;1;2;2;1;0;1;2;11;
Reggie Jackson;;15:15;2;6;0;2;2;2;1;3;4;6;2;0;0;0;6;
Derek Fisher;;15:24;0;2;0;1;0;0;0;1;1;1;0;0;0;0;0;
Hasheem Thabeet;;9:28;2;4;0;0;1;3;2;1;3;0;1;0;0;1;5;
DeAndre Liggins;;1:55;1;1;0;0;0;0;1;0;1;0;0;0;0;0;2;
Perry Jones;;1:55;0;1;0;0;0;0;0;0;0;0;0;0;0;0;0;
Ronnie Brewer;;1:55;0;0;0;0;0;0;0;1;1;0;1;0;0;0;0;
