03-20;BOS-NOH;86-87;
31-22;24-23;12-22;19-20;
BOS
Paul Pierce;F;33:20;9;17;2;3;8;8;0;2;2;5;1;2;3;2;28;
Brandon Bass;F;31:27;5;8;0;0;1;1;2;4;6;2;1;1;2;3;11;
Kevin Garnett;C;29:13;9;16;0;0;2;2;1;5;6;3;3;0;0;2;20;
Courtney Lee;G;36:42;2;3;1;1;0;0;0;0;0;1;2;0;0;1;5;
Avery Bradley;G;34:46;2;10;0;5;1;2;1;4;5;4;5;1;2;3;5;
Jeff Green;;26:30;4;8;1;1;4;4;0;2;2;0;1;2;1;3;13;
Jason Terry;;19:59;0;5;0;2;0;0;0;3;3;4;0;0;2;3;0;
Jordan Crawford;;21:56;2;5;0;2;0;0;0;3;3;1;0;0;3;0;4;
Chris Wilcox;;6:08;0;0;0;0;0;0;0;1;1;0;0;0;0;1;0;
NOH
Al-Farouq Aminu;F;29:06;2;3;0;0;0;0;3;6;9;1;2;1;1;4;4;
Anthony Davis;F;28:00;4;7;0;0;1;2;2;6;8;1;1;2;4;1;9;
Robin Lopez;C;23:07;2;5;0;0;0;0;2;2;4;1;0;1;2;2;4;
Eric Gordon;G;31:14;6;15;0;3;6;8;0;2;2;3;0;0;3;1;18;
Greivis Vasquez;G;32:35;5;10;1;3;2;3;0;7;7;6;0;0;4;1;13;
Ryan Anderson;;31:43;5;12;2;5;9;11;3;2;5;1;0;0;3;1;21;
Lou Amundson;;9:14;2;5;0;0;0;0;1;0;1;0;3;1;0;0;4;
Terrel Harris;;17:10;0;3;0;2;0;0;0;3;3;2;0;0;0;3;0;
Darius Miller;;17:04;1;4;0;1;0;0;0;4;4;1;0;2;1;1;2;
Brian Roberts;;17:43;4;7;2;2;2;2;0;1;1;3;1;0;0;2;12;
Lance Thomas;;3:03;0;0;0;0;0;0;0;1;1;1;0;0;0;1;0;
