04-03;NYK-ATL;95-82;
23-18;24-22;21-28;27-14;
NYK
Carmelo Anthony;F;40:56;17;27;1;2;5;6;1;4;5;3;0;0;1;3;40;
Iman Shumpert;F;23:11;2;6;0;2;0;0;0;6;6;1;0;0;0;3;4;
Tyson Chandler;C;23:31;1;2;0;0;0;0;1;3;4;0;1;0;1;4;2;
Pablo Prigioni;G;13:26;2;4;2;4;0;0;0;1;1;0;0;0;0;0;6;
Raymond Felton;G;35:45;7;16;0;3;0;0;1;4;5;3;3;0;2;3;14;
J.R. Smith;;30:58;8;15;1;4;2;4;0;1;1;1;1;0;5;3;19;
Kenyon Martin;;24:29;0;0;0;0;1;2;4;5;9;0;1;0;2;2;1;
Jason Kidd;;30:04;0;3;0;3;0;0;1;4;5;7;1;0;0;1;0;
Steve Novak;;15:29;3;3;3;3;0;0;0;2;2;1;0;0;0;1;9;
Chris Copeland;;2:11;0;1;0;1;0;0;0;0;0;0;0;0;0;0;0;
ATL
DeShawn Stevenson;F;25:28;2;5;1;4;0;0;0;4;4;1;1;0;1;2;5;
Josh Smith;F;38:22;5;13;0;3;0;7;2;6;8;5;1;0;2;0;10;
Al Horford;C;37:52;4;10;0;0;1;2;1;6;7;5;1;0;2;0;9;
Kyle Korver;G;38:40;9;14;6;10;1;1;0;6;6;0;1;2;0;1;25;
Jeff Teague;G;39:16;5;10;0;3;5;6;1;3;4;9;2;0;6;0;15;
Dahntay Jones;;11:08;0;2;0;1;0;0;1;0;1;1;0;0;0;3;0;
Anthony Tolliver;;12:28;2;2;1;1;0;0;1;2;3;0;0;0;2;1;5;
Ivan Johnson;;16:38;2;4;0;0;1;1;1;0;1;1;1;0;1;1;5;
Shelvin Mack;;20:08;3;6;1;4;1;2;0;1;1;0;0;0;1;2;8;
