03-31;BOS-NYK;89-108;
23-28;25-37;21-21;20-22;
BOS
Brandon Bass;F;22:16;1;4;0;0;0;0;1;3;4;2;0;1;1;3;2;
Jeff Green;F;35:16;10;14;2;5;5;8;1;3;4;1;0;0;1;4;27;
Chris Wilcox;C;12:12;1;2;0;0;0;0;1;1;2;0;1;0;0;2;2;
Avery Bradley;G;23:56;1;5;0;1;0;0;0;1;1;1;1;0;2;6;2;
Paul Pierce;G;32:21;6;16;4;7;8;10;3;12;15;5;0;0;2;2;24;
Courtney Lee;;27:58;5;11;0;2;0;0;2;2;4;0;0;1;1;2;10;
Jason Terry;;21:29;3;7;1;5;1;1;0;1;1;0;0;0;1;0;8;
Jordan Crawford;;24:38;3;10;0;3;4;4;1;1;2;2;0;0;2;1;10;
Shavlik Randolph;;13:33;0;0;0;0;0;0;0;2;2;0;0;1;0;2;0;
Terrence Williams;;18:53;1;4;0;2;0;0;0;0;0;1;1;0;0;0;2;
DJ White;;7:29;1;1;0;0;0;0;0;2;2;0;0;0;0;0;2;
NYK
Carmelo Anthony;F;27:27;9;19;2;4;4;4;3;7;10;3;2;0;2;4;24;
Iman Shumpert;F;26:35;3;3;2;2;2;2;1;3;4;2;1;0;1;5;10;
Kenyon Martin;C;22:52;1;2;0;0;1;3;0;4;4;2;0;1;2;4;3;
Raymond Felton;G;31:07;6;10;3;6;3;3;0;0;0;4;0;0;1;2;18;
Pablo Prigioni;G;32:39;1;4;1;3;0;0;0;1;1;5;0;0;0;2;3;
J.R. Smith;;32:56;4;12;0;1;7;10;2;10;12;4;2;0;1;1;15;
Jason Kidd;;21:12;1;4;1;4;0;0;1;4;5;2;1;0;3;3;3;
Steve Novak;;19:39;4;7;2;3;0;0;0;0;0;0;0;0;0;0;10;
Chris Copeland;;19:40;6;10;3;3;7;9;3;2;5;0;1;0;1;0;22;
James White;;5:53;0;1;0;1;0;0;0;0;0;1;0;0;0;1;0;
