04-07;NOH-PHX;95-92;
17-26;22-17;35-19;21-30;
NOH
Al-Farouq Aminu;F;32:34;3;7;0;1;0;0;2;8;10;1;0;1;2;3;6;
Anthony Davis;F;30:36;6;10;0;0;8;8;2;1;3;1;3;2;3;5;20;
Robin Lopez;C;17:41;3;10;0;0;3;4;1;3;4;0;0;2;0;1;9;
Eric Gordon;G;31:08;4;11;2;2;7;8;0;1;1;6;2;0;2;2;17;
Greivis Vasquez;G;31:04;3;9;0;2;4;4;1;3;4;7;2;0;2;3;10;
Ryan Anderson;;34:40;6;16;2;8;3;3;5;5;10;0;0;0;2;0;17;
Brian Roberts;;17:34;2;6;0;1;0;0;0;1;1;2;0;0;2;3;4;
Lou Amundson;;13:03;2;4;0;0;0;0;2;4;6;1;0;0;2;4;4;
Darius Miller;;14:06;0;1;0;1;0;0;0;3;3;1;0;0;0;3;0;
Xavier Henry;;17:34;3;6;0;0;2;2;2;4;6;0;0;1;0;1;8;
PHX
PJ Tucker;F;28:41;2;6;0;1;0;0;1;4;5;2;0;0;2;2;4;
Markieff Morris;F;35:32;6;10;2;2;4;4;2;3;5;1;1;1;3;4;18;
Luis Scola;C;34:00;8;12;0;0;1;2;4;6;10;2;3;1;0;4;17;
Wesley Johnson;G;28:24;4;10;1;6;0;0;0;3;3;0;1;0;1;2;9;
Goran Dragic;G;39:44;4;13;1;4;2;2;2;1;3;8;1;0;4;4;11;
Jared Dudley;;28:00;4;10;1;5;6;6;0;4;4;2;2;0;3;1;15;
Michael Beasley;;15:29;1;11;0;0;1;2;0;2;2;0;0;1;1;2;3;
Hamed Haddadi;;10:59;2;4;0;0;2;2;0;3;3;0;0;1;0;2;6;
Kendall Marshall;;19:11;3;4;2;3;1;1;0;3;3;5;0;0;2;3;9;
