03-29;TOR-DET;99-82;
19-26;27-19;36-15;17-22;
TOR
Rudy Gay;F;26:12;7;14;3;4;4;6;1;3;4;4;0;0;1;0;21;
Amir Johnson;F;37:34;9;11;0;0;2;2;2;6;8;2;0;2;0;2;20;
Jonas Valanciunas;C;38:57;7;11;0;0;0;0;4;9;13;2;0;4;4;5;14;
DeMar DeRozan;G;32:51;10;20;0;0;1;1;0;4;4;3;3;0;0;3;21;
Kyle Lowry;G;29:31;2;4;0;2;0;0;0;2;2;11;2;0;3;1;4;
Alan Anderson;;21:48;3;8;1;6;0;0;0;2;2;1;1;0;0;2;7;
Landry Fields;;19:35;3;7;0;0;0;0;3;3;6;0;1;0;1;0;6;
Terrence Ross;;15:03;3;5;0;1;0;0;0;0;0;1;0;0;1;1;6;
John Lucas III;;18:29;0;2;0;0;0;0;0;3;3;1;0;0;0;2;0;
DET
Kyle Singler;F;33:24;5;12;1;4;2;4;1;5;6;2;2;0;1;1;13;
Greg Monroe;F;30:03;3;11;0;0;5;6;6;7;13;5;0;2;3;1;11;
Andre Drummond;C;18:44;8;10;0;0;1;4;1;3;4;0;2;2;2;3;17;
Brandon Knight;G;25:55;1;4;0;1;2;3;0;0;0;3;0;0;1;2;4;
Jose Calderon;G;30:56;3;7;2;4;0;0;0;1;1;7;0;0;3;2;8;
Rodney Stuckey;;25:00;0;3;0;0;0;0;0;1;1;3;0;0;1;2;0;
Jason Maxiell;;12:45;0;3;0;0;0;0;0;2;2;0;0;0;1;0;0;
Jonas Jerebko;;28:29;9;14;0;4;2;2;2;3;5;1;0;0;1;2;20;
Kim English;;20:36;2;7;2;5;0;0;0;1;1;1;0;0;0;0;6;
Khris Middleton;;7:45;0;4;0;0;2;2;0;0;0;3;0;0;0;0;2;
Viacheslav Kravtsov;;6:24;0;1;0;0;1;2;1;0;1;0;0;0;0;0;1;
