04-10;SAS-DEN;86-96;
18-11;19-27;26-31;23-27;
SAS
Kawhi Leonard;F;29:17;4;10;0;1;0;0;5;6;11;1;3;0;1;0;8;
Tim Duncan;F;26:53;7;14;0;0;3;4;0;3;3;2;0;1;1;0;17;
Tiago Splitter;C;22:22;4;9;0;0;2;2;1;2;3;4;2;1;4;1;10;
Danny Green;G;24:09;5;11;0;3;0;0;0;2;2;2;1;0;0;1;10;
Nando De Colo;G;21:02;1;2;0;1;0;0;1;2;3;4;1;0;0;3;2;
Matt Bonner;;14:42;0;3;0;2;0;0;1;5;6;1;0;1;0;1;0;
Cory Joseph;;26:58;1;7;1;1;3;4;2;2;4;4;0;1;3;2;6;
Gary Neal;;23:51;6;15;3;8;2;3;0;2;2;2;2;0;2;0;17;
DeJuan Blair;;24:00;5;7;0;0;2;3;1;4;5;0;0;0;2;5;12;
Patty Mills;;20:20;1;7;0;5;0;1;0;1;1;4;1;1;0;3;2;
Aron Baynes;;6:26;1;2;0;0;0;0;1;2;3;0;0;1;0;1;2;
DEN
Wilson Chandler;F;40:37;11;20;3;7;4;4;3;5;8;4;2;1;3;3;29;
Kenneth Faried;F;24:59;1;4;0;0;1;2;1;6;7;0;0;2;1;1;3;
Kosta Koufos;C;20:37;1;5;0;0;0;0;6;4;10;1;0;1;0;3;2;
Andre Iguodala;G;43:28;5;11;1;1;1;4;2;11;13;10;3;0;7;2;12;
Andre Miller;G;33:46;4;8;0;0;4;6;0;1;1;5;0;0;3;1;12;
Corey Brewer;;33:59;12;25;2;5;2;5;1;2;3;2;1;0;0;1;28;
JaVale McGee;;16:25;1;4;0;0;0;0;2;8;10;1;2;4;0;1;2;
Anthony Randolph;;7:45;1;1;0;0;0;0;1;0;1;0;0;0;2;1;2;
Evan Fournier;;18:24;3;8;0;2;0;0;0;0;0;3;0;1;1;3;6;
