04-12;GSW-LAL;116-118;
32-26;25-31;33-28;26-33;
GSW
Harrison Barnes;F;29:05;1;6;0;0;2;2;2;4;6;0;0;0;0;2;4;
David Lee;F;42:43;8;12;0;0;3;4;2;6;8;2;1;1;0;4;19;
Festus Ezeli;C;16:16;2;3;0;0;0;0;4;3;7;0;0;1;0;6;4;
Klay Thompson;G;43:02;10;24;2;7;3;4;0;2;2;7;2;0;1;5;25;
Stephen Curry;G;44:17;17;31;9;15;4;4;3;3;6;9;3;0;1;3;47;
Andris Biedrins;;8:42;0;0;0;0;0;0;1;1;2;1;1;1;1;5;0;
Carl Landry;;28:24;5;12;0;0;1;2;2;3;5;1;0;1;2;5;11;
Jarrett Jack;;27:31;3;9;0;4;0;0;1;7;8;5;0;0;3;3;6;
LAL
Earl Clark;F;25:57;2;3;2;3;0;0;0;0;0;0;1;1;0;0;6;
Pau Gasol;F;37:27;9;13;0;0;8;8;1;10;11;10;0;0;5;0;26;
Dwight Howard;C;38:04;7;8;0;0;14;22;1;6;7;1;0;1;2;5;28;
Kobe Bryant;G;44:54;9;21;4;8;12;16;0;5;5;4;0;0;5;3;34;
Steve Blake;G;36:40;4;9;4;8;2;2;0;3;3;5;0;0;0;4;14;
Antawn Jamison;;10:53;0;4;0;1;0;0;1;1;2;0;1;0;0;1;0;
Jodie Meeks;;21:56;1;3;1;2;0;0;0;2;2;2;0;0;0;2;3;
Metta World Peace;;24:09;2;5;1;3;2;2;0;6;6;0;0;0;0;2;7;
