04-01;DET-TOR;108-98;
25-24;29-31;21-24;33-19;
DET
Kyle Singler;F;19:07;1;5;1;1;2;2;1;0;1;0;0;0;0;2;5;
Greg Monroe;F;37:54;10;18;0;0;4;4;2;2;4;4;0;1;0;0;24;
Andre Drummond;C;19:43;2;5;0;0;0;2;0;4;4;0;0;0;0;3;4;
Brandon Knight;G;28:33;2;8;1;4;0;0;1;3;4;2;1;0;2;2;5;
Jose Calderon;G;43:11;8;12;1;2;2;3;0;1;1;9;1;0;1;2;19;
Jonas Jerebko;;28:17;6;8;0;1;3;4;2;4;6;3;0;0;1;1;15;
Khris Middleton;;24:45;5;6;1;2;0;0;1;3;4;0;0;0;1;4;11;
Rodney Stuckey;;28:24;7;10;3;3;1;2;0;4;4;6;1;0;3;2;18;
Charlie Villanueva;;10:06;2;5;0;2;3;4;0;1;1;0;1;0;0;1;7;
TOR
Rudy Gay;F;40:16;13;18;4;4;4;4;1;5;6;5;1;1;1;4;34;
Amir Johnson;F;36:56;2;5;0;0;2;2;0;3;3;0;1;2;1;1;6;
Jonas Valanciunas;C;37:11;8;14;0;0;1;2;3;3;6;0;0;5;2;2;17;
DeMar DeRozan;G;40:40;7;17;0;3;1;2;1;6;7;5;2;0;2;2;15;
Kyle Lowry;G;30:25;4;9;1;5;0;0;0;0;0;7;0;0;2;2;9;
Alan Anderson;;16:26;3;8;1;4;0;0;0;2;2;1;0;0;0;0;7;
Sebastian Telfair;;17:35;2;6;2;5;0;0;0;1;1;4;1;0;1;2;6;
Terrence Ross;;12:47;0;1;0;0;0;0;0;1;1;1;0;0;1;2;0;
Quincy Acy;;7:44;2;3;0;0;0;0;1;2;3;1;1;0;0;2;4;
