03-25;PHI-UTA;91-107;
23-27;19-31;26-27;23-22;
PHI
Thaddeus Young;F;17:08;3;7;0;0;0;0;3;1;4;1;0;0;1;2;6;
Evan Turner;F;31:01;2;6;1;2;1;2;2;4;6;0;1;0;3;3;6;
Spencer Hawes;C;28:47;4;7;0;0;6;7;2;6;8;0;0;3;1;4;14;
Damien Wilkins;G;22:47;5;9;0;2;3;4;0;0;0;1;1;0;2;2;13;
Jrue Holiday;G;24:29;2;8;1;2;2;4;0;1;1;1;0;0;4;0;7;
Dorell Wright;;31:58;5;12;2;8;7;7;0;2;2;4;3;0;0;1;19;
Arnett Moultrie;;22:43;6;11;0;0;2;2;4;4;8;0;1;0;0;1;14;
Royal Ivey;;3:57;0;0;0;0;0;0;0;0;0;0;0;0;0;0;0;
Jeremy Pargo;;10:58;0;4;0;0;2;2;0;1;1;0;0;0;0;0;2;
Lavoy Allen;;27:22;3;14;0;0;0;0;3;5;8;1;0;2;2;3;6;
Charles Jenkins;;18:50;2;5;0;0;0;0;0;0;0;1;0;0;0;2;4;
UTA
Gordon Hayward;F;31:19;6;9;3;3;0;0;0;0;0;4;0;0;0;4;15;
Paul Millsap;F;22:00;5;8;0;0;1;2;1;3;4;3;3;2;2;2;11;
Al Jefferson;C;18:06;5;9;0;0;2;2;2;7;9;1;0;0;0;3;12;
Randy Foye;G;29:12;6;10;3;6;2;2;0;3;3;1;0;2;1;3;17;
Mo Williams;G;25:08;4;8;1;1;0;0;1;1;2;5;2;0;2;2;9;
Derrick Favors;;26:22;4;11;0;0;5;7;3;7;10;2;0;3;3;3;13;
Enes Kanter;;25:11;4;9;0;0;4;4;2;4;6;1;0;0;1;1;12;
Alec Burks;;21:41;4;9;0;2;4;4;2;2;4;0;1;0;1;3;12;
Marvin Williams;;17:08;1;3;0;1;0;0;0;2;2;1;1;2;0;1;2;
Earl Watson;;13:19;0;5;0;1;0;0;3;1;4;3;0;0;3;0;0;
Jeremy Evans;;4:21;1;1;0;0;0;0;0;2;2;0;0;1;1;0;2;
DeMarre Carroll;;3:20;1;2;0;0;0;0;0;0;0;0;0;0;1;0;2;
Jamaal Tinsley;;2:53;0;0;0;0;0;0;0;0;0;1;0;0;0;1;0;
