03-27;BKN-POR;111-93;
37-17;27-24;31-28;16-24;
BKN
Gerald Wallace;F;28:37;5;12;0;3;2;3;1;5;6;5;2;0;0;0;12;
Reggie Evans;F;35:07;9;13;0;0;4;9;12;14;26;3;1;0;2;2;22;
Brook Lopez;C;30:39;12;22;0;1;4;6;1;4;5;1;0;0;2;4;28;
Keith Bogans;G;30:24;4;7;3;6;0;0;1;2;3;3;0;0;1;3;11;
Deron Williams;G;34:08;3;11;0;4;0;0;0;3;3;10;1;0;1;0;6;
Andray Blatche;;17:21;5;6;0;0;2;5;1;1;2;0;1;1;3;4;12;
MarShon Brooks;;17:26;4;8;2;2;2;2;2;0;2;1;2;0;0;1;12;
Jerry Stackhouse;;12:49;0;4;0;2;0;0;0;3;3;0;0;0;0;1;0;
CJ Watson;;17:05;2;5;0;1;0;0;0;1;1;1;1;0;0;2;4;
Kris Humphries;;12:53;2;6;0;0;0;0;1;2;3;0;0;0;0;3;4;
Mirza Teletovic;;3:31;0;1;0;1;0;0;0;0;0;0;0;0;0;0;0;
POR
Nicolas Batum;F;29:47;2;10;2;5;0;0;1;3;4;6;0;1;0;4;6;
LaMarcus Aldridge;F;31:43;11;14;0;0;2;2;0;4;4;3;0;1;2;3;24;
JJ Hickson;C;22:19;4;6;0;0;0;0;2;5;7;2;0;1;2;2;8;
Wesley Matthews;G;25:54;2;6;1;2;0;0;0;3;3;0;0;0;1;3;5;
Damian Lillard;G;34:22;4;12;3;5;4;5;1;3;4;3;0;0;5;0;15;
Meyers Leonard;;25:41;5;8;0;0;1;5;5;4;9;1;0;0;1;4;11;
Eric Maynor;;23:31;3;7;1;1;1;4;0;1;1;5;0;0;1;1;8;
Victor Claver;;7:32;1;4;0;2;0;0;0;0;0;0;0;0;0;1;2;
Joel Freeland;;12:00;1;5;0;0;0;0;2;2;4;0;0;2;0;2;2;
Will Barton;;9:41;1;3;0;1;3;3;1;1;2;0;1;0;1;1;5;
Nolan Smith;;8:45;1;4;0;0;0;0;0;1;1;2;0;0;0;1;2;
Luke Babbitt;;8:45;1;3;1;2;2;2;1;0;1;0;0;0;1;1;5;
