03-27;IND-HOU;100-91;
35-19;23-30;24-22;18-20;
IND
Paul George;F;39:04;4;17;2;8;6;6;0;6;6;3;3;0;2;4;16;
Tyler Hansbrough;F;32:07;4;7;0;0;8;9;2;6;8;1;2;0;1;2;16;
Roy Hibbert;C;36:35;11;17;0;0;6;8;3;10;13;3;0;3;4;3;28;
Lance Stephenson;G;34:53;9;14;1;2;2;3;2;3;5;3;1;0;1;2;21;
George Hill;G;38:19;1;11;0;5;0;0;0;4;4;5;2;0;0;2;2;
Orlando Johnson;;13:17;2;2;2;2;0;0;0;0;0;1;0;0;2;2;6;
Jeff Ayres;;15:53;1;3;0;0;0;0;0;5;5;1;0;0;1;2;2;
Sam Young;;4:24;1;1;0;0;0;0;0;0;0;0;0;0;0;0;2;
D.J. Augustin;;9:41;1;1;1;1;2;2;1;0;1;1;0;0;0;0;5;
Ian Mahinmi;;11:16;0;2;0;0;0;0;1;2;3;0;1;1;1;4;0;
Gerald Green;;4:32;1;3;0;0;0;0;0;0;0;2;0;1;0;0;2;
HOU
Chandler Parsons;F;40:16;5;14;0;3;1;1;0;2;2;3;1;1;2;2;11;
Donatas Motiejunas;F;12:55;0;2;0;1;0;0;0;2;2;0;0;1;0;4;0;
Omer Asik;C;25:45;3;5;0;0;2;3;2;3;5;1;1;1;1;3;8;
James Harden;G;42:43;6;24;3;10;7;9;0;4;4;8;1;0;3;4;22;
Jeremy Lin;G;19:53;3;6;1;2;1;1;0;1;1;4;2;0;4;1;8;
Thomas Robinson;;22:17;4;8;0;0;2;2;4;0;4;1;1;0;0;3;10;
Patrick Beverley;;28:07;3;6;1;3;2;2;1;2;3;1;0;1;1;1;9;
Carlos Delfino;;15:37;2;6;1;2;0;0;1;1;2;0;1;0;1;3;5;
Greg Smith;;32:28;6;12;0;0;6;8;7;12;19;0;0;0;2;4;18;
