04-13;BOS-ORL;120-88;
23-17;34-20;28-27;35-24;
BOS
Jeff Green;F;36:48;6;17;2;3;3;5;2;4;6;3;2;0;2;0;17;
Brandon Bass;F;31:44;6;7;0;0;2;2;3;2;5;1;0;3;1;4;14;
Kevin Garnett;C;18:36;7;8;0;0;0;0;0;9;9;3;1;0;1;1;14;
Paul Pierce;G;26:58;4;12;1;5;3;5;1;5;6;8;1;0;2;1;12;
Avery Bradley;G;26:39;5;9;2;3;2;2;0;1;1;1;1;0;4;2;14;
Shavlik Randolph;;2:56;0;0;0;0;0;0;0;0;0;0;1;0;0;1;0;
Chris Wilcox;;19:27;2;2;0;0;0;0;0;6;6;0;0;1;1;2;4;
Courtney Lee;;28:35;7;10;3;3;3;4;0;2;2;4;2;0;1;1;20;
Jordan Crawford;;27:53;7;10;2;2;0;0;1;2;3;3;0;0;0;1;16;
Terrence Williams;;14:55;3;4;0;0;1;1;0;0;0;4;2;0;0;1;7;
DJ White;;5:29;1;2;0;0;0;0;0;0;0;0;0;0;1;1;2;
ORL
Tobias Harris;F;34:20;7;16;2;4;6;8;4;2;6;2;0;2;4;1;22;
Kyle O'Quinn;F;24:17;2;10;0;0;0;0;1;5;6;3;1;0;3;6;4;
Nikola Vucevic;C;28:37;8;14;0;0;0;0;4;8;12;2;1;1;4;4;16;
Maurice Harkless;G;35:41;5;14;0;4;2;2;0;4;4;2;2;0;0;2;12;
Beno Udrih;G;35:06;2;8;1;2;2;2;0;5;5;8;0;1;3;1;7;
Andrew Nicholson;;24:56;0;1;0;0;0;0;3;2;5;4;1;0;0;1;0;
E'Twaun Moore;;23:35;5;9;1;2;0;0;0;2;2;0;0;0;5;0;11;
Doron Lamb;;24:39;5;7;1;2;0;0;0;0;0;2;0;0;0;1;11;
DeQuan Jones;;8:49;1;4;0;0;3;3;0;0;0;0;0;0;1;0;5;
