04-03;HOU-SAC;112-102;
27-26;32-29;29-28;24-19;
HOU
Chandler Parsons;F;39:34;12;18;3;6;2;2;0;5;5;4;0;1;3;1;29;
Greg Smith;F;19:56;1;2;0;0;0;0;1;4;5;0;0;0;1;5;2;
Omer Asik;C;35:35;6;8;0;0;7;9;0;10;10;1;2;0;2;6;19;
James Harden;G;39:50;7;19;2;8;5;6;1;6;7;9;0;2;5;2;21;
Jeremy Lin;G;34:08;5;13;3;6;2;2;0;1;1;10;1;0;2;4;15;
Donatas Motiejunas;;11:27;3;7;1;3;0;0;1;1;2;0;0;0;1;2;7;
Terrence Jones;;29:02;6;11;0;1;2;2;8;4;12;1;2;0;1;4;14;
Patrick Beverley;;13:52;1;5;0;3;0;0;1;1;2;5;0;1;2;2;2;
Francisco Garcia;;12:37;1;3;1;3;0;0;0;2;2;1;2;0;2;2;3;
James Anderson;;3:59;0;0;0;0;0;0;0;1;1;1;0;0;0;0;0;
SAC
John Salmons;F;38:38;0;4;0;2;0;0;1;0;1;5;1;0;0;2;0;
Jason Thompson;F;32:13;6;12;0;0;5;6;3;12;15;1;1;2;0;4;17;
DeMarcus Cousins;C;26:37;7;13;0;0;6;9;3;3;6;2;2;0;2;6;20;
Tyreke Evans;G;28:53;7;18;2;5;6;8;2;2;4;0;4;0;1;3;22;
Isaiah Thomas;G;35:26;3;16;1;7;5;5;0;0;0;5;1;1;2;1;12;
Marcus Thornton;;22:01;8;13;3;6;2;2;0;1;1;1;2;0;2;0;21;
Toney Douglas;;12:34;0;3;0;1;0;0;0;2;2;3;1;0;2;2;0;
Patrick Patterson;;15:47;1;4;0;0;0;0;3;0;3;1;0;0;1;1;2;
Travis Outlaw;;6:28;2;3;0;0;2;2;0;1;1;0;0;0;0;1;6;
Cole Aldrich;;12:00;0;1;0;0;0;0;1;5;6;0;0;1;1;0;0;
Charles Hayes;;9:23;0;0;0;0;2;2;0;1;1;1;0;0;1;0;2;
