04-16;TOR-ATL;113-96;
30-27;38-24;28-24;17-21;
TOR
Rudy Gay;F;27:24;9;14;3;7;1;1;0;4;4;5;1;0;4;1;22;
Amir Johnson;F;36:12;4;5;1;2;2;2;2;6;8;2;0;6;1;3;11;
Jonas Valanciunas;C;32:49;4;5;0;0;5;6;1;7;8;0;0;3;4;4;13;
DeMar DeRozan;G;28:23;11;17;3;5;5;6;0;1;1;0;0;0;1;3;30;
Kyle Lowry;G;27:10;2;6;2;5;2;2;0;5;5;11;3;0;4;3;8;
Quincy Acy;;22:00;2;5;0;1;1;2;2;5;7;1;0;1;1;2;5;
Terrence Ross;;17:37;3;7;0;1;2;2;0;2;2;0;3;0;0;2;8;
John Lucas III;;20:50;4;8;1;2;2;2;0;3;3;4;0;0;1;2;11;
Alan Anderson;;18:56;1;9;0;4;2;2;2;4;6;1;0;0;1;0;4;
Landry Fields;;8:39;0;2;0;0;1;2;3;0;3;0;0;0;1;0;1;
ATL
Kyle Korver;F;17:50;5;7;3;4;0;0;0;1;1;1;2;0;2;3;13;
Josh Smith;F;12:44;2;5;1;2;1;2;0;3;3;1;0;0;1;1;6;
Johan Petro;C;21:22;2;4;0;0;4;4;3;1;4;1;0;0;1;1;8;
Devin Harris;G;17:10;2;8;1;5;0;0;0;1;1;2;0;0;0;3;5;
Jeff Teague;G;18:24;2;5;0;2;0;0;0;0;0;9;0;0;1;1;4;
Shelvin Mack;;26:40;4;6;2;3;1;2;0;3;3;5;1;0;2;3;11;
Mike Scott;;26:57;5;15;0;0;2;4;6;6;12;0;0;0;1;1;12;
John Jenkins;;27:36;2;13;0;6;4;5;0;2;2;1;1;1;2;1;8;
Dahntay Jones;;25:20;3;6;1;2;1;2;0;1;1;1;1;0;0;4;8;
Ivan Johnson;;19:24;6;13;0;0;0;0;4;6;10;0;1;0;1;0;12;
Anthony Tolliver;;26:34;2;6;1;4;4;4;1;4;5;1;2;0;0;1;9;
