04-05;GSW-PHX;111-107;
23-37;32-27;32-14;24-29;
GSW
Harrison Barnes;F;25:43;4;9;1;1;2;2;0;3;3;0;1;0;2;1;11;
David Lee;F;44:19;10;18;0;0;2;2;4;10;14;2;0;0;1;3;22;
Andrew Bogut;C;19:10;3;5;0;0;0;0;3;2;5;0;0;0;0;2;6;
Klay Thompson;G;41:02;10;18;3;4;2;3;0;0;0;3;4;1;3;5;25;
Stephen Curry;G;40:58;6;15;3;8;3;3;0;1;1;15;4;0;4;5;18;
Festus Ezeli;;5:31;1;1;0;0;0;0;0;1;1;0;0;0;0;0;2;
Carl Landry;;26:44;5;9;0;0;3;4;3;1;4;2;3;0;2;4;13;
Jarrett Jack;;31:46;5;11;2;3;2;2;2;0;2;4;3;0;1;1;14;
Draymond Green;;4:31;0;0;0;0;0;0;0;0;0;0;0;0;1;0;0;
Kent Bazemore;;0:16;0;0;0;0;0;0;0;0;0;0;0;0;0;0;0;
PHX
PJ Tucker;F;31:46;5;8;0;0;0;0;3;4;7;6;1;2;0;2;10;
Markieff Morris;F;16:14;1;2;0;0;2;2;1;6;7;1;2;1;0;2;4;
Luis Scola;C;15:07;3;5;0;0;0;0;0;1;1;3;0;0;2;3;6;
Wesley Johnson;G;29:41;4;9;0;3;1;2;0;2;2;0;0;0;3;0;9;
Goran Dragic;G;43:24;11;13;3;4;7;7;0;2;2;3;1;0;5;1;32;
Jared Dudley;;22:34;1;4;1;4;3;4;0;2;2;3;1;0;1;2;6;
Jermaine O'Neal;;32:52;7;12;0;0;1;2;3;6;9;1;0;2;2;5;15;
Michael Beasley;;31:46;12;17;1;2;0;0;0;6;6;1;1;0;6;2;25;
Kendall Marshall;;4:36;0;0;0;0;0;0;0;0;0;1;0;0;0;0;0;
Shannon Brown;;4:36;0;1;0;0;0;0;0;0;0;0;0;0;1;0;0;
Marcus Morris;;7:24;0;1;0;1;0;0;0;0;0;0;0;0;2;0;0;
