04-17;DET-BKN;99-103;
18-29;30-31;18-23;33-20;
DET
Kyle Singler;F;21:39;2;5;0;2;0;0;1;3;4;2;1;1;1;2;4;
Greg Monroe;F;28:44;5;10;0;0;2;4;3;9;12;3;2;0;5;4;12;
Andre Drummond;C;30:14;5;7;0;0;3;3;1;2;3;1;3;3;1;4;13;
Rodney Stuckey;G;26:39;5;8;1;3;0;0;0;0;0;2;1;0;2;1;11;
Brandon Knight;G;35:23;3;14;0;3;1;3;0;1;1;5;2;0;2;1;7;
Khris Middleton;;25:01;3;9;0;1;4;4;0;7;7;2;2;0;1;0;10;
Jonas Jerebko;;24:30;1;4;0;1;4;4;0;6;6;0;1;0;2;4;6;
Will Bynum;;21:57;7;10;0;2;9;11;0;0;0;1;2;0;6;1;23;
Kim English;;13:21;3;6;0;1;1;3;0;1;1;1;1;0;2;3;7;
Charlie Villanueva;;5:49;0;0;0;0;0;0;0;0;0;0;1;0;1;3;0;
Viacheslav Kravtsov;;6:43;3;5;0;0;0;0;5;0;5;0;1;1;0;1;6;
BKN
Gerald Wallace;F;26:33;2;5;0;1;1;2;0;1;1;3;4;1;1;1;5;
Reggie Evans;F;24:00;3;6;0;0;1;3;3;8;11;0;1;0;3;2;7;
Brook Lopez;C;20:56;7;15;0;0;6;6;5;4;9;1;1;0;1;1;20;
Joe Johnson;G;20:56;4;8;2;5;0;0;0;2;2;2;0;0;0;0;10;
Deron Williams;G;20:56;2;5;1;3;3;3;0;1;1;6;1;0;2;0;8;
Jerry Stackhouse;;14:01;2;4;2;3;0;0;0;0;0;2;0;0;2;2;6;
Kris Humphries;;24:00;5;6;0;0;1;2;2;5;7;2;1;1;4;4;11;
Keith Bogans;;16:14;1;4;0;3;1;3;0;0;0;1;1;0;0;1;3;
Andray Blatche;;21:27;6;9;1;1;2;2;0;2;2;3;3;0;3;3;15;
CJ Watson;;14:44;2;4;0;2;2;2;1;1;2;2;1;0;3;3;6;
MarShon Brooks;;13:03;1;3;0;1;0;0;0;3;3;3;0;0;0;3;2;
Mirza Teletovic;;10:50;3;7;2;5;0;0;0;0;0;0;0;1;1;1;8;
Tyshawn Taylor;;12:20;1;5;0;0;0;0;0;0;0;3;0;0;3;3;2;
