04-10;PHX-DAL;102-91;
28-21;33-30;20-20;21-20;
PHX
PJ Tucker;F;33:11;6;9;3;4;2;2;3;7;10;3;2;0;1;0;17;
Markieff Morris;F;34:33;5;12;2;4;0;0;1;6;7;1;0;1;2;5;12;
Luis Scola;C;36:09;4;14;0;0;3;3;5;10;15;2;3;0;0;5;11;
Wesley Johnson;G;24:29;7;13;3;8;0;0;0;3;3;1;0;0;1;0;17;
Goran Dragic;G;36:57;7;14;2;4;5;6;1;3;4;13;2;1;2;2;21;
Jermaine O'Neal;;24:19;2;12;0;0;0;0;2;4;6;0;0;7;1;3;4;
Marcus Morris;;14:58;0;3;0;3;0;0;0;1;1;1;0;1;3;2;0;
Jared Dudley;;24:21;5;9;2;3;6;6;0;2;2;1;0;1;0;0;18;
Kendall Marshall;;11:03;1;3;0;1;0;0;0;0;0;3;0;0;0;0;2;
DAL
Shawn Marion;F;33:56;9;16;0;2;4;6;2;7;9;1;3;1;1;1;22;
Dirk Nowitzki;F;33:55;6;18;2;5;7;7;3;5;8;3;0;0;1;2;21;
Chris Kaman;C;20:41;1;6;0;0;0;0;2;6;8;1;0;1;0;1;2;
O.J. Mayo;G;37:45;2;10;0;2;2;2;2;3;5;6;0;0;5;2;6;
Mike James;G;27:07;4;6;1;1;0;0;0;4;4;3;1;0;2;4;9;
Darren Collison;;18:35;1;6;0;0;1;2;2;1;3;3;0;0;1;2;3;
Brandan Wright;;21:24;3;8;0;0;0;0;1;5;6;1;1;5;0;0;6;
Vince Carter;;27:51;6;12;3;6;3;4;2;4;6;2;1;1;2;2;18;
Jae Crowder;;11:04;1;2;0;1;0;0;0;0;0;0;0;0;0;0;2;
Bernard James;;2:17;0;0;0;0;0;0;0;1;1;0;0;0;0;1;0;
Josh Akognon;;3:43;1;1;0;0;0;0;0;0;0;1;0;0;0;2;2;
Anthony Morrow;;1:41;0;0;0;0;0;0;0;0;0;0;0;0;1;0;0;
