03-27;LAC-NOH;105-91;
27-26;29-22;23-29;26-14;
LAC
Caron Butler;F;26:34;4;10;2;4;3;3;0;2;2;0;1;1;1;2;13;
Blake Griffin;F;35:50;6;12;0;0;7;8;3;2;5;2;1;0;1;1;19;
DeAndre Jordan;C;27:37;3;3;0;0;1;2;2;9;11;0;0;1;0;3;7;
Chauncey Billups;G;13:24;4;6;3;4;0;0;0;0;0;2;0;0;0;0;11;
Chris Paul;G;33:44;5;13;0;5;6;7;3;3;6;9;4;0;3;1;16;
Jamal Crawford;;23:40;5;12;3;6;0;0;0;1;1;2;2;0;2;1;13;
Ryan Hollins;;20:23;1;3;0;0;4;4;1;1;2;1;0;1;1;5;6;
Matt Barnes;;21:26;3;9;2;5;0;0;3;3;6;0;0;0;0;2;8;
Lamar Odom;;12:10;0;0;0;0;0;0;0;2;2;0;0;0;0;2;0;
Eric Bledsoe;;15:32;1;1;1;1;3;4;0;0;0;2;1;0;1;1;6;
Willie Green;;9:40;2;4;2;4;0;0;0;0;0;0;0;0;0;0;6;
NOH
Al-Farouq Aminu;F;19:13;2;5;0;0;1;2;0;4;4;2;0;0;1;0;5;
Anthony Davis;F;39:16;9;13;0;0;1;3;2;7;9;2;1;0;1;4;19;
Robin Lopez;C;28:59;6;13;0;0;1;2;5;3;8;2;0;1;1;1;13;
Eric Gordon;G;34:29;9;18;0;4;6;7;0;1;1;3;3;0;2;4;24;
Greivis Vasquez;G;27:50;0;2;0;2;0;0;0;2;2;4;1;0;3;5;0;
Brian Roberts;;28:10;4;8;2;2;0;1;0;3;3;3;0;0;0;4;10;
Ryan Anderson;;21:00;3;9;0;4;2;2;2;3;5;0;0;1;2;0;8;
Darius Miller;;22:32;1;1;1;1;0;0;0;1;1;2;1;0;0;4;3;
Roger Mason Jr.;;11:18;1;2;1;1;3;3;1;0;1;0;0;0;0;1;6;
Lou Amundson;;6:45;0;0;0;0;3;4;0;1;1;1;0;0;0;2;3;
Terrel Harris;;0:29;0;0;0;0;0;0;0;0;0;0;0;0;1;0;0;
