04-12;DEN-DAL;105-108;
26-21;29-27;22-30;22-21;6-9;
DEN
Wilson Chandler;F;34:04;8;15;2;5;0;0;2;7;9;2;3;0;2;4;18;
Kenneth Faried;F;34:11;5;8;0;0;1;2;2;8;10;2;0;0;0;0;11;
Kosta Koufos;C;19:03;3;9;0;0;0;0;1;2;3;0;0;0;1;0;6;
Andre Iguodala;G;43:22;7;15;3;6;1;3;1;4;5;6;1;0;5;5;18;
Andre Miller;G;38:19;2;12;1;2;3;4;0;1;1;7;3;0;4;0;8;
Corey Brewer;;37:01;6;20;2;9;4;5;0;3;3;1;5;0;3;4;18;
JaVale McGee;;27:41;5;6;0;0;1;1;6;3;9;1;1;4;2;3;11;
Ty Lawson;;19:06;5;7;0;2;3;4;0;2;2;3;0;0;0;1;13;
Evan Fournier;;8:19;0;1;0;0;2;2;0;3;3;0;0;0;1;1;2;
Anthony Randolph;;3:55;0;0;0;0;0;0;1;0;1;0;1;0;1;0;0;
DAL
Shawn Marion;F;30:23;7;14;1;1;0;0;1;7;8;3;1;1;2;2;15;
Dirk Nowitzki;F;40:28;9;17;2;4;2;2;0;10;10;4;0;0;3;2;22;
Chris Kaman;C;9:44;2;6;0;0;0;0;2;1;3;0;0;0;3;0;4;
O.J. Mayo;G;42:22;7;13;5;7;1;2;0;3;3;6;2;1;2;2;20;
Mike James;G;34:20;2;7;2;6;1;2;0;3;3;5;0;1;2;1;7;
Vince Carter;;33:58;9;19;1;3;3;5;8;4;12;7;1;2;0;3;22;
Brandan Wright;;28:56;4;7;0;0;1;4;1;3;4;0;1;2;1;0;9;
Darren Collison;;18:44;2;4;0;1;3;4;0;2;2;4;2;0;4;3;7;
Jae Crowder;;11:49;0;5;0;1;0;0;1;2;3;0;0;0;0;2;0;
Elton Brand;;14:12;1;3;0;0;0;0;2;2;4;0;0;2;2;1;2;
Anthony Morrow;;0:04;0;0;0;0;0;0;0;0;0;0;0;0;0;0;0;
