04-01;CHA-MIL;102-131;
25-29;35-40;24-31;18-31;
CHA
Jeff Taylor;F;28:57;3;7;1;3;0;0;1;4;5;1;1;1;3;2;7;
Josh McRoberts;F;38:33;2;8;0;1;4;4;1;9;10;4;1;0;3;2;8;
Bismack Biyombo;C;24:51;2;5;0;0;0;0;1;5;6;0;0;1;0;2;4;
Gerald Henderson;G;34:04;6;11;0;1;5;6;0;2;2;1;1;2;2;3;17;
Kemba Walker;G;34:55;8;11;0;3;11;13;0;2;2;6;1;1;4;2;27;
Jeff Adrien;;12:12;2;3;0;0;0;1;0;2;2;0;1;0;0;0;4;
Ben Gordon;;20:02;6;8;2;3;0;0;0;0;0;0;0;0;6;3;14;
Tyrus Thomas;;23:15;5;9;2;4;1;2;1;1;2;2;1;0;1;4;13;
Jannero Pargo;;19:12;3;10;1;4;1;2;0;1;1;3;1;0;1;1;8;
Reggie Williams;;3:59;0;1;0;0;0;0;0;2;2;1;0;0;0;1;0;
MIL
Marquis Daniels;F;17:08;2;4;0;0;0;0;1;0;1;2;0;0;1;2;4;
Ersan Ilyasova;F;30:49;8;13;4;4;2;2;3;5;8;3;1;0;1;3;22;
Larry Sanders;C;31:15;11;19;0;0;2;4;6;7;13;2;0;0;0;1;24;
Monta Ellis;G;40:54;7;14;3;5;2;2;0;4;4;14;6;1;4;4;19;
Brandon Jennings;G;24:25;6;15;4;9;3;3;0;3;3;6;0;0;1;1;19;
Mike Dunleavy;;31:13;6;14;1;4;2;2;2;5;7;1;0;0;2;1;15;
JJ Redick;;26:08;8;12;2;5;2;2;0;1;1;3;0;0;0;3;20;
Ekpe Udoh;;18:09;1;4;0;0;2;2;2;1;3;0;0;0;0;2;4;
John Henson;;6:49;1;2;0;0;0;0;0;3;3;1;0;1;0;3;2;
Gustavo Ayon;;8:58;1;2;0;0;0;0;0;2;2;0;0;0;1;1;2;
Ish Smith;;4:12;0;1;0;0;0;0;0;0;0;0;0;0;0;0;0;
