04-05;TOR-MIN;95-93;
18-24;28-24;25-25;24-20;
TOR
Rudy Gay;F;35:21;12;23;1;3;1;1;1;4;5;3;2;0;2;3;26;
Amir Johnson;F;21:56;1;3;0;0;1;2;1;7;8;1;0;2;2;3;3;
Jonas Valanciunas;C;32:39;2;4;0;0;8;10;2;2;4;0;0;3;1;4;12;
DeMar DeRozan;G;35:46;12;23;0;1;1;1;1;3;4;1;0;0;1;3;25;
Kyle Lowry;G;32:38;5;11;1;4;0;0;1;1;2;7;2;0;3;4;11;
Aaron Gray;;15:21;2;3;0;0;0;2;2;2;4;1;0;1;0;5;4;
Alan Anderson;;8:35;1;5;0;2;0;0;0;2;2;1;1;0;1;0;2;
Sebastian Telfair;;15:22;1;4;1;3;0;0;0;2;2;2;0;0;2;2;3;
Quincy Acy;;7:23;0;0;0;0;0;0;0;1;1;1;1;0;1;0;0;
Terrence Ross;;16:28;3;5;1;2;0;0;0;1;1;0;0;0;0;2;7;
Landry Fields;;18:32;1;4;0;0;0;0;3;4;7;1;0;0;0;0;2;
MIN
Andrei Kirilenko;F;34:47;8;10;1;3;3;6;0;6;6;1;3;1;1;1;20;
Derrick Williams;F;20:13;1;4;0;1;6;6;2;3;5;1;0;0;2;0;8;
Nikola Pekovic;C;41:03;6;12;0;0;12;16;2;6;8;0;1;0;1;2;24;
Luke Ridnour;G;23:15;3;6;0;1;2;2;0;1;1;4;0;0;2;3;8;
Ricky Rubio;G;36:44;3;10;1;3;6;8;0;5;5;12;1;0;4;3;13;
Chase Budinger;;26:45;3;6;1;3;1;2;1;1;2;1;0;0;1;1;8;
Dante Cunningham;;27:47;4;8;0;0;0;0;0;6;6;2;4;1;0;5;8;
Jose Juan Barea;;14:34;0;5;0;2;0;0;1;2;3;2;0;0;1;0;0;
Alexey Shved;;7:55;2;6;0;2;0;0;1;1;2;0;0;1;1;1;4;
Greg Stiemsma;;6:57;0;0;0;0;0;0;0;2;2;0;0;0;0;1;0;
