03-20;ORL-NYK;94-106;
15-26;31-25;19-32;29-23;
ORL
Tobias Harris;F;30:43;7;10;0;1;0;0;2;3;5;0;0;0;5;3;14;
E'Twaun Moore;F;28:13;2;7;1;3;0;0;2;0;2;0;0;0;0;1;5;
Maurice Harkless;C;35:22;5;13;1;3;0;0;3;3;6;0;3;0;0;2;11;
Arron Afflalo;G;29:28;1;9;0;3;2;2;0;2;2;3;1;0;1;2;4;
Jameer Nelson;G;24:00;2;7;1;5;1;2;0;3;3;1;1;0;1;0;6;
Kyle O'Quinn;;25:04;5;10;0;0;2;4;5;9;14;4;0;0;3;2;12;
Andrew Nicholson;;18:32;5;8;0;0;4;6;1;2;3;0;1;0;3;0;14;
DeQuan Jones;;18:32;4;5;1;1;0;0;0;1;1;1;0;0;0;0;9;
Beno Udrih;;24:00;5;8;0;0;3;3;0;3;3;8;0;0;2;2;13;
Doron Lamb;;6:06;2;2;1;1;1;1;1;2;3;1;1;0;1;1;6;
NYK
Carmelo Anthony;F;32:39;7;14;3;5;4;6;1;7;8;0;1;1;3;3;21;
Iman Shumpert;F;14:14;2;4;1;2;2;2;0;0;0;3;0;0;0;0;7;
Kenyon Martin;C;28:14;5;6;0;0;1;3;2;1;3;0;1;0;0;4;11;
Raymond Felton;G;25:21;3;8;1;4;0;0;1;1;2;4;1;0;0;1;7;
Pablo Prigioni;G;19:30;2;2;2;2;0;0;1;3;4;5;0;0;1;1;6;
J.R. Smith;;37:41;8;16;2;6;4;5;1;6;7;2;0;1;0;0;22;
Chris Copeland;;20:19;4;10;1;4;0;0;2;1;3;0;0;0;2;6;9;
Marcus Camby;;7:00;0;1;0;0;0;0;0;2;2;1;0;0;1;0;0;
Jason Kidd;;22:39;2;3;1;2;0;0;2;0;2;5;3;0;2;1;5;
Steve Novak;;25:58;4;8;3;7;0;0;0;3;3;0;1;0;1;1;11;
James White;;6:25;3;4;1;2;0;0;0;0;0;0;1;0;1;1;7;
