04-12;CHI-TOR;88-97;
22-20;21-27;22-26;23-24;
CHI
Luol Deng;F;33:36;3;9;1;4;3;4;0;1;1;8;1;0;0;0;10;
Carlos Boozer;F;31:35;9;19;0;0;1;1;1;11;12;0;0;0;2;6;19;
Nazr Mohammed;C;42:58;6;12;0;0;4;6;5;8;13;1;1;1;1;3;16;
Jimmy Butler;G;36:35;2;6;1;2;2;2;0;3;3;4;1;0;1;0;7;
Kirk Hinrich;G;19:23;1;3;1;1;0;0;0;0;0;1;2;0;4;2;3;
Nate Robinson;;32:34;7;15;3;5;0;0;2;2;4;6;0;0;4;4;17;
Richard Hamilton;;14:57;3;5;1;1;0;0;1;0;1;0;0;0;2;4;7;
Malcolm Thomas;;2:46;0;1;0;0;0;0;1;0;1;0;0;0;1;1;0;
Marco Belinelli;;25:36;3;7;2;5;1;1;0;4;4;2;1;0;1;4;9;
TOR
Rudy Gay;F;41:27;8;19;1;2;6;8;0;3;3;2;5;3;4;1;23;
Amir Johnson;F;39:52;10;15;1;2;3;4;3;6;9;2;1;1;3;4;24;
Aaron Gray;C;21:11;2;5;0;0;2;2;2;4;6;3;0;0;1;1;6;
DeMar DeRozan;G;40:21;6;10;0;0;7;8;0;1;1;1;1;0;4;2;19;
Kyle Lowry;G;35:34;4;10;0;3;5;5;1;8;9;11;2;0;1;2;13;
Quincy Acy;;34:57;3;5;0;0;4;6;4;5;9;0;1;3;0;2;10;
Alan Anderson;;14:12;1;4;0;0;0;0;1;0;1;3;0;0;0;1;2;
John Lucas III;;12:26;0;4;0;1;0;0;0;0;0;0;0;0;0;0;0;
