03-20;TOR-CHA;101-107;
26-22;22-31;23-21;30-33;
TOR
Rudy Gay;F;40:03;8;18;2;5;7;7;1;7;8;3;0;2;4;3;25;
Amir Johnson;F;35:41;3;8;0;0;2;2;4;6;10;2;2;4;1;6;8;
Jonas Valanciunas;C;31:19;6;11;0;0;6;6;1;7;8;2;2;2;1;5;18;
DeMar DeRozan;G;39:40;7;12;1;2;4;4;1;2;3;2;0;0;2;2;19;
Kyle Lowry;G;37:41;6;13;1;6;5;5;4;3;7;5;1;1;5;3;18;
Terrence Ross;;17:05;2;5;0;1;0;0;2;0;2;0;1;0;0;1;4;
John Lucas III;;5:45;0;3;0;3;0;0;0;0;0;0;0;0;1;1;0;
Alan Anderson;;12:19;1;3;0;1;2;2;0;1;1;3;0;0;1;1;4;
Mickael Pietrus;;3:14;0;1;0;1;0;0;0;2;2;0;0;0;0;3;0;
Landry Fields;;12:06;1;5;0;0;0;0;2;2;4;1;1;0;1;2;2;
Sebastian Telfair;;5:07;1;4;1;3;0;0;0;0;0;0;0;0;0;0;3;
CHA
Michael Kidd-Gilchrist;F;20:06;0;1;0;0;2;2;1;4;5;1;0;0;3;1;2;
Josh McRoberts;F;31:52;5;9;0;0;2;5;2;10;12;3;0;0;3;3;12;
Bismack Biyombo;C;31:39;2;6;0;0;0;0;3;0;3;0;0;2;1;2;4;
Gerald Henderson;G;39:02;8;14;0;0;5;6;2;5;7;5;1;2;3;2;21;
Kemba Walker;G;35:44;4;14;0;3;6;6;2;5;7;8;4;0;1;6;14;
Jeff Taylor;;15:55;0;4;0;0;2;4;2;0;2;0;1;0;0;2;2;
Byron Mullens;;27:50;7;11;3;4;8;12;1;4;5;2;2;3;0;2;25;
Ben Gordon;;25:50;5;11;2;5;4;5;0;0;0;1;0;0;1;3;16;
Jannero Pargo;;12:02;4;5;3;4;0;0;0;1;1;1;2;0;0;5;11;
