04-07;UTA-GSW;97-90;
24-27;32-21;21-21;20-21;
UTA
Gordon Hayward;F;36:09;5;11;3;6;0;0;2;1;3;6;1;0;4;2;13;
Paul Millsap;F;34:44;5;13;0;0;1;2;0;6;6;4;1;1;3;1;11;
Al Jefferson;C;31:46;8;17;0;0;3;3;2;10;12;5;2;1;1;3;19;
Randy Foye;G;35:55;3;11;2;8;0;0;0;0;0;1;1;1;1;2;8;
Mo Williams;G;32:59;11;19;3;6;0;0;1;3;4;5;2;0;3;3;25;
Derrick Favors;;29:30;5;9;0;0;2;2;6;7;13;1;0;3;1;1;12;
Jamaal Tinsley;;15:01;2;5;2;3;0;0;1;0;1;2;2;0;0;0;6;
Marvin Williams;;7:09;1;1;1;1;0;0;0;0;0;2;0;0;0;1;3;
DeMarre Carroll;;16:47;0;2;0;1;0;0;1;2;3;3;1;0;0;1;0;
GSW
Harrison Barnes;F;22:59;1;3;0;2;2;2;0;3;3;3;0;0;1;0;4;
David Lee;F;44:54;8;17;0;0;5;7;2;11;13;1;1;0;2;1;21;
Andrew Bogut;C;23:29;1;3;0;0;0;0;1;5;6;2;0;1;3;2;2;
Klay Thompson;G;42:14;8;15;2;3;2;4;0;2;2;2;1;1;3;3;20;
Stephen Curry;G;45:09;8;19;4;9;2;2;1;3;4;5;1;0;5;3;22;
Festus Ezeli;;5:35;1;1;0;0;0;0;1;0;1;0;0;0;0;0;2;
Jarrett Jack;;33:30;3;9;1;3;0;0;0;2;2;6;1;0;2;2;7;
Carl Landry;;18:46;4;5;0;0;2;3;1;6;7;2;1;0;0;2;10;
Kent Bazemore;;0:04;0;0;0;0;0;0;0;0;0;0;0;0;0;0;0;
Draymond Green;;3:20;1;2;0;0;0;0;2;1;3;0;0;0;0;2;2;
