03-26;MIN-DET;105-82;
19-16;25-22;38-16;23-28;
MIN
Andrei Kirilenko;F;23:44;4;9;1;2;0;0;0;1;1;2;1;0;0;0;9;
Derrick Williams;F;17:25;2;3;2;3;0;0;0;5;5;0;0;0;1;3;6;
Nikola Pekovic;C;29:47;7;10;0;0;4;5;3;8;11;2;0;1;2;1;18;
Luke Ridnour;G;25:32;6;7;2;3;1;1;1;0;1;3;3;0;1;1;15;
Ricky Rubio;G;27:28;6;9;2;2;0;0;0;4;4;9;2;0;3;1;14;
Dante Cunningham;;27:29;4;10;0;1;0;0;1;6;7;0;2;0;0;1;8;
Chase Budinger;;22:40;2;9;1;4;2;2;1;2;3;2;0;1;0;1;7;
Alexey Shved;;20:32;2;5;1;3;0;0;0;2;2;7;1;0;2;2;5;
Jose Juan Barea;;20:32;8;11;5;7;0;0;1;1;2;1;0;0;3;1;21;
Greg Stiemsma;;18:13;1;5;0;0;0;0;0;3;3;0;1;0;0;3;2;
Mickael Gelabale;;3:32;0;1;0;1;0;0;1;0;1;0;0;0;1;0;0;
Chris Johnson;;3:06;0;0;0;0;0;0;0;1;1;0;0;1;0;0;0;
DET
Kyle Singler;F;29:07;2;7;2;5;2;2;1;3;4;1;0;0;3;2;8;
Jason Maxiell;F;25:32;3;5;0;0;0;0;2;3;5;2;0;2;1;2;6;
Greg Monroe;C;28:56;5;13;0;1;1;2;5;7;12;1;4;0;2;2;11;
Brandon Knight;G;26:29;3;10;1;3;0;0;0;1;1;3;1;0;4;0;7;
Jose Calderon;G;32:17;5;9;2;2;2;2;0;1;1;1;0;0;1;1;14;
Jonas Jerebko;;15:56;2;4;1;2;0;0;0;2;2;2;1;0;0;1;5;
Khris Middleton;;23:09;5;10;0;2;0;0;0;0;0;0;1;0;1;1;10;
Rodney Stuckey;;20:58;2;7;0;1;3;3;1;1;2;2;0;0;3;2;7;
Charlie Villanueva;;13:36;1;7;0;2;0;0;1;3;4;4;0;1;0;1;2;
Viacheslav Kravtsov;;12:00;1;3;0;0;3;4;1;3;4;2;1;1;0;0;5;
Kim English;;12:00;3;4;1;2;0;0;0;2;2;0;0;0;0;0;7;
