03-22;BOS-DAL;94-104;
21-30;23-25;24-24;26-25;
BOS
Paul Pierce;F;34:37;5;9;2;3;4;5;0;5;5;3;1;0;2;3;16;
Brandon Bass;F;34:18;4;9;0;0;8;8;7;4;11;3;1;1;1;0;16;
Kevin Garnett;C;28:49;5;10;0;0;6;6;2;10;12;5;1;1;2;4;16;
Courtney Lee;G;27:26;2;5;1;2;0;0;0;1;1;0;1;0;0;1;5;
Avery Bradley;G;31:05;4;12;1;3;0;0;0;2;2;3;0;1;1;4;9;
Jeff Green;;30:01;5;11;0;2;0;0;0;3;3;4;0;1;5;5;10;
Jason Terry;;21:57;3;9;0;2;2;2;0;1;1;0;1;1;3;3;8;
Chris Wilcox;;15:33;1;1;0;0;3;4;1;0;1;0;2;0;0;3;5;
Jordan Crawford;;15:46;3;11;1;5;2;2;0;1;1;1;1;0;0;3;9;
Terrence Williams;;0:29;0;0;0;0;0;0;0;1;1;0;0;0;0;0;0;
DAL
Shawn Marion;F;31:25;3;7;1;2;4;6;5;8;13;3;0;0;1;2;11;
Dirk Nowitzki;F;32:04;8;15;1;2;5;5;1;6;7;1;0;1;2;2;22;
Brandan Wright;C;30:07;11;16;0;0;1;2;5;3;8;0;1;1;0;3;23;
O.J. Mayo;G;39:17;4;8;2;3;0;0;0;4;4;9;2;0;2;3;10;
Mike James;G;24:36;2;7;1;5;2;2;0;2;2;6;1;1;1;2;7;
Chris Kaman;;16:39;2;6;0;0;0;0;0;3;3;1;0;0;3;3;4;
Vince Carter;;27:05;6;17;1;7;6;9;2;3;5;3;1;0;2;3;19;
Darren Collison;;29:18;2;5;0;0;4;4;0;5;5;3;2;0;3;1;8;
Bernard James;;1:15;0;0;0;0;0;0;0;1;1;0;0;0;0;1;0;
Jae Crowder;;8:15;0;1;0;0;0;0;0;0;0;0;0;0;0;2;0;
