04-05;MIL-NYK;83-101;
19-19;26-17;21-42;17-23;
MIL
Marquis Daniels;F;17:29;1;5;0;0;0;0;1;4;5;0;2;0;1;3;2;
Ersan Ilyasova;F;34:28;2;9;1;3;2;2;0;7;7;1;0;0;3;3;7;
Larry Sanders;C;30:53;3;7;0;0;3;3;4;8;12;1;1;1;1;2;9;
Monta Ellis;G;31:51;4;13;1;7;2;4;0;0;0;6;0;0;2;3;11;
Brandon Jennings;G;37:10;9;20;4;10;3;5;2;2;4;3;1;0;2;1;25;
Ekpe Udoh;;15:39;2;3;0;0;0;0;0;3;3;0;0;1;0;1;4;
JJ Redick;;31:17;5;10;5;7;3;4;0;4;4;4;0;0;2;1;18;
Luc Mbah a Moute;;18:31;0;2;0;0;0;0;1;1;2;0;1;0;1;2;0;
Mike Dunleavy;;19:46;2;6;1;3;0;0;0;3;3;1;0;0;1;0;5;
Ish Smith;;1:28;0;0;0;0;0;0;0;0;0;0;0;0;0;0;0;
John Henson;;1:28;1;1;0;0;0;0;0;0;0;0;0;0;0;0;2;
NYK
Carmelo Anthony;F;37:04;17;28;3;7;4;4;5;9;14;1;0;1;5;2;41;
Iman Shumpert;F;18:47;0;7;0;3;0;0;0;3;3;0;0;1;0;2;0;
Tyson Chandler;C;36:54;3;7;0;0;0;0;4;6;10;3;1;0;0;2;6;
Raymond Felton;G;35:58;4;9;1;3;0;0;1;2;3;4;2;0;4;3;9;
Pablo Prigioni;G;17:14;1;4;0;3;0;0;0;3;3;4;0;0;0;3;2;
J.R. Smith;;33:43;11;22;5;11;3;4;1;9;10;3;2;0;0;0;30;
Jason Kidd;;23:36;2;4;1;2;0;0;1;6;7;2;1;0;0;2;5;
Chris Copeland;;20:34;2;4;2;4;0;0;0;0;0;0;0;0;0;4;6;
Steve Novak;;14:42;1;4;0;3;0;0;0;0;0;0;0;0;0;0;2;
James White;;1:28;0;0;0;0;0;0;0;0;0;0;0;0;0;0;0;
