04-09;PHX-HOU;98-101;
21-29;32-22;21-27;24-23;
PHX
PJ Tucker;F;25:09;2;6;0;0;4;4;3;2;5;0;1;0;1;5;8;
Markieff Morris;F;28:26;4;10;3;3;0;0;3;6;9;3;1;2;4;1;11;
Luis Scola;C;37:59;12;20;0;0;4;5;2;6;8;2;1;1;3;3;28;
Wesley Johnson;G;12:42;3;8;0;1;3;3;0;3;3;0;0;0;3;0;9;
Goran Dragic;G;38:18;6;10;1;2;2;4;0;4;4;10;4;1;3;0;15;
Jermaine O'Neal;;26:15;2;12;0;0;2;3;1;5;6;1;0;1;0;5;6;
Jared Dudley;;25:02;3;7;2;4;0;0;0;1;1;4;0;0;1;1;8;
Marcus Morris;;22:51;5;8;1;1;0;0;2;3;5;0;1;0;2;4;11;
Kendall Marshall;;23:18;1;5;0;1;0;0;0;0;0;4;1;0;2;1;2;
HOU
Francisco Garcia;F;36:08;6;13;3;10;0;0;1;0;1;2;1;0;1;3;15;
Greg Smith;F;28:07;5;7;0;0;2;3;3;2;5;0;1;1;1;2;12;
Omer Asik;C;38:21;3;9;0;0;2;2;7;15;22;0;2;2;0;3;8;
James Harden;G;44:10;9;21;2;8;13;14;0;6;6;6;3;1;9;3;33;
Jeremy Lin;G;37:28;5;14;0;4;3;3;0;1;1;6;2;0;2;1;13;
Patrick Beverley;;20:14;4;10;1;5;0;0;1;0;1;2;1;1;1;2;9;
James Anderson;;6:09;0;2;0;1;0;0;1;0;1;1;0;0;1;0;0;
Terrence Jones;;23:17;5;8;0;1;1;2;2;4;6;2;1;0;1;2;11;
Donatas Motiejunas;;6:06;0;2;0;1;0;0;0;1;1;0;0;0;0;0;0;
